期号,first1,first2,first3,first4,first5,last1,last2,一等奖注数,一等奖奖金(元),二等奖注数,二等奖奖金(元),销售额(元),奖池奖金（元）,开奖日期,1~2,2~3,3~4,4~5,last1~last2
19148,3,4,7,11,30,8,9,6,18000000.0,126,215499.0,289764338,1357789883.69,2019-12-25,1,3,4,19,1
19147,9,12,19,22,33,7,8,7,17223670.0,132,195589.0,291104886,1365277988.01,2019-12-23,3,7,3,11,1
19146,10,11,26,33,34,1,6,28,12054873.0,126,286419.0,314007833,1381880354.85,2019-12-21,1,15,7,1,5
19145,5,9,19,22,32,3,5,8,18000000.0,257,416599.0,296865423,1484740051.76,2019-12-18,4,10,3,10,2
19144,2,5,20,28,31,2,11,7,18000000.0,169,396347.0,293207584,1542864127.46,2019-12-16,3,15,8,3,9
19143,4,22,23,24,32,6,12,5,10000000.0,120,1183620.0,319892573,1598566973.3,2019-12-14,18,1,1,8,6
19142,3,4,26,29,33,6,7,5,18000000.0,94,1270220.0,299921169,1627275280.73,2019-12-11,1,22,3,4,1
19141,2,10,20,21,35,1,12,3,10000000.0,166,680850.0,300500952,1655481325.91,2019-12-09,8,10,1,14,11
19140,3,7,8,25,27,3,5,8,18000000.0,153,602699.0,316440627,1668432904.08,2019-12-07,4,1,17,2,2
19139,1,5,7,8,11,6,10,9,18000000.0,229,316384.0,289227664,1732644632.39,2019-12-04,4,2,1,3,4
19138,4,6,7,20,29,2,4,2,10000000.0,192,574704.0,292541823,1807797395.91,2019-12-02,2,1,13,9,2
19137,3,5,12,13,26,7,12,4,10000000.0,240,401106.0,312773222,1811011407.29,2019-11-30,2,7,1,13,5
19136,3,16,20,26,29,3,9,14,18000000.0,145,656960.0,286999222,1836618362.96,2019-11-27,13,4,6,3,6
19135,4,5,19,25,26,1,11,5,18000000.0,122,980245.0,285312173,1952350514.03,2019-11-25,1,14,6,1,10
19134,5,6,7,14,17,10,11,5,18000000.0,163,745264.0,315940098,1982686527.08,2019-11-23,1,1,7,3,1
19133,3,12,24,27,34,1,12,4,18000000.0,109,1160872.0,307662290,2012422203.42,2019-11-20,9,12,3,7,11
19132,3,5,6,13,18,10,12,6,18000000.0,140,935625.0,302574925,2031322367.26,2019-11-18,2,1,7,5,2
19131,5,6,14,27,29,6,10,3,10000000.0,138,939835.0,329976108,2069940752.64,2019-11-16,1,8,13,2,4
19130,1,13,20,21,26,4,10,3,10000000.0,133,1002380.0,303550489,2080589741.2,2019-11-13,12,7,1,5,6
19129,10,13,18,23,30,6,12,6,10000000.0,216,441630.0,295027665,2091270342.29,2019-11-11,3,5,5,7,6
19128,20,21,25,34,35,3,12,2,10000000.0,117,1258997.0,322813843,2137001004.6,2019-11-09,1,4,9,1,9
19127,4,7,8,11,16,9,11,6,18000000.0,155,678814.0,300600530,2135181960.52,2019-11-06,3,1,3,5,2
19126,5,9,16,18,30,4,7,13,18000000.0,195,370740.0,276082640,2177652383.89,2019-11-04,4,7,2,12,3
19125,5,8,9,14,34,2,5,5,18000000.0,87,1360177.0,298679570,2290847002.8,2019-11-02,3,1,5,20,3
19124,7,17,26,27,30,6,12,2,10000000.0,138,744210.0,275959410,2320815917.35,2019-10-30,10,9,1,3,6
19123,3,13,15,26,30,5,12,8,18000000.0,129,683814.0,273397306,2325632751.35,2019-10-28,10,2,11,4,7
19122,5,19,25,31,33,10,11,2,18000000.0,80,1441243.0,289532078,2388431796.56,2019-10-26,14,6,6,2,1
19121,1,2,3,7,17,4,10,5,18000000.0,99,1191349.0,276665665,2389042428.25,2019-10-23,1,1,4,10,6
19120,6,15,17,22,25,1,9,5,18000000.0,130,751779.0,275763665,2417531958.16,2019-10-21,9,2,5,3,8
19119,3,6,9,23,34,2,11,8,18000000.0,108,1101407.0,296906555,2450995410.67,2019-10-19,3,3,14,11,9
19118,2,3,13,19,26,2,3,2,10000000.0,133,731644.0,272734633,2505219108.84,2019-10-16,1,10,6,7,1
19117,1,18,21,25,35,7,8,5,18000000.0,83,1452254.0,271077215,2510705015.8,2019-10-14,17,3,4,10,1
19116,2,10,16,21,23,2,12,6,18000000.0,96,1387222.0,297819968,2540591128.72,2019-10-12,8,6,5,2,10
19115,1,18,21,28,32,5,12,6,10000000.0,127,898162.0,286493206,2576114778.47,2019-10-09,17,3,7,4,7
19114,3,5,7,20,23,4,11,3,10000000.0,96,1278252.0,293032964,2618860320.16,2019-09-30,2,2,13,3,7
19113,3,11,27,34,35,1,2,3,18000000.0,133,1116046.0,311100525,2630473137.64,2019-09-28,8,16,7,1,1
19112,3,10,16,21,33,5,6,15,18000000.0,802,80078.0,280910162,2636508288.74,2019-09-25,7,6,5,12,1
19111,6,15,20,23,27,8,10,4,10000000.0,114,941794.0,278838967,2773019554.68,2019-09-23,9,5,3,4,2
19110,1,19,23,24,30,4,5,3,10000000.0,114,1126303.0,304148169,2796874880.24,2019-09-21,18,4,1,6,1
19109,2,7,8,20,25,11,12,2,18000000.0,124,809170.0,280419217,2807779066.62,2019-09-18,5,1,12,5,1
19108,24,27,28,31,34,4,8,2,10000000.0,78,1473102.0,284940682,2810944267.23,2019-09-16,3,1,3,3,4
19107,5,9,19,27,35,2,3,5,18000000.0,240,355469.0,293549724,2814001475.61,2019-09-14,4,10,8,8,1
19106,5,8,10,32,35,2,10,2,18000000.0,130,930648.0,277501958,2849290614.86,2019-09-11,3,2,22,3,8
19105,1,4,9,14,17,1,6,2,10000000.0,185,515206.0,276792452,2849032904.09,2019-09-09,3,5,5,3,5
19104,2,7,19,22,28,3,5,3,10000000.0,242,503656.0,307889648,2854646726.46,2019-09-07,5,12,3,6,2
19103,5,12,22,27,32,4,7,12,18000000.0,301,208447.0,282169207,2866542333.01,2019-09-04,7,10,5,5,3
19102,5,10,15,19,31,3,6,1,10000000.0,245,429334.0,294439142,2971122369.4,2019-09-02,5,5,4,12,3
19101,5,11,18,19,27,5,6,6,10000000.0,335,237594.0,317232101,2965514601.49,2019-08-31,6,7,1,8,1
19100,5,8,12,19,21,6,11,21,18000000.0,309,175026.0,285699001,3013571194.3,2019-08-28,3,4,7,2,5
19099,4,6,18,27,33,7,9,23,18000000.0,470,109497.0,264966797,3199540847.69,2019-08-26,2,12,9,6,2
19098,13,15,17,19,22,3,4,11,18000000.0,109,1010865.0,283264604,3413905650.77,2019-08-24,2,2,2,3,1
19097,10,17,20,30,35,10,12,4,18000000.0,72,1683149.0,265934781,3499337220.66,2019-08-21,7,3,10,5,2
19096,2,12,22,23,27,2,6,2,18000000.0,128,950011.0,264716811,3519455538.67,2019-08-19,10,10,1,4,4
19095,3,12,17,19,31,2,6,11,18000000.0,159,691025.0,285599790,3519353885.34,2019-08-17,9,5,2,12,4
19094,1,12,14,26,27,7,9,1,10000000.0,80,1416367.0,268760225,3605111819.48,2019-08-14,11,2,12,1,2
19093,16,17,26,29,35,1,7,11,18000000.0,140,512235.0,263591081,3598377683.32,2019-08-12,1,9,3,6,6
19092,2,11,15,27,30,2,5,5,18000000.0,152,761371.0,282457933,3693574033.39,2019-08-10,9,4,12,3,3
19091,4,13,20,26,28,3,12,1,10000000.0,92,1316917.0,269521488,3724322762.61,2019-08-07,9,7,6,2,9
19090,13,19,28,30,33,2,12,2,10000000.0,59,1903163.0,267395452,3716328636.1,2019-08-05,6,9,2,3,10
19089,9,14,18,33,34,3,12,6,18000000.0,126,1106076.0,297660456,3719449575.77,2019-08-03,5,4,15,1,9
19088,1,5,18,27,33,6,8,8,18000000.0,99,1129444.0,270234407,3755102164.41,2019-07-31,4,13,9,6,2
19087,5,6,18,19,27,7,12,10,10000000.0,191,406045.0,265658108,3816395392.04,2019-07-29,1,12,1,8,5
19086,5,15,16,28,31,2,7,17,18000000.0,336,186768.0,288257269,3904840978.2,2019-07-27,10,1,12,3,5
19085,4,5,6,15,26,8,11,4,18000000.0,114,793810.0,266144001,4061417388.9,2019-07-24,1,1,9,11,3
19084,12,23,25,34,35,1,7,3,18000000.0,99,1150362.0,267484415,4085660246.49,2019-07-22,11,2,9,1,6
19083,17,24,26,28,32,7,9,4,18000000.0,128,765768.0,292813014,4096211433.05,2019-07-20,7,2,2,4,2
19082,6,18,20,21,31,3,4,9,18000000.0,106,1100260.0,271428141,4117332392.64,2019-07-17,12,2,1,10,1
19081,6,24,26,30,33,2,7,5,18000000.0,84,1573000.0,272912117,4186160785.64,2019-07-15,18,2,4,3,5
19080,5,13,18,19,24,2,7,9,18000000.0,176,550839.0,296452290,4212738027.93,2019-07-13,8,5,1,5,5
19079,10,13,16,28,35,4,5,4,10000000.0,83,1268877.0,271256673,4282392620.57,2019-07-10,3,3,12,7,1
19078,5,10,21,26,30,1,7,0,0.0,179,944260.0,272470927,4306208094.02,2019-07-08,5,11,5,4,6
19077,1,15,17,21,33,7,10,1,10000000.0,77,1607794.0,293644337,4306208094.02,2019-07-06,14,2,4,12,3
19076,1,6,11,23,29,1,11,5,10000000.0,95,1332514.0,266685847,4297766552.19,2019-07-03,5,5,12,6,10
19075,5,6,7,11,16,2,11,6,18000000.0,135,648451.0,264828767,4329058171.28,2019-07-01,1,1,4,5,9
19074,8,9,13,14,34,5,7,3,10000000.0,138,976494.0,301323048,4372011525.4,2019-06-29,1,4,1,20,2
19073,4,11,19,20,24,8,11,2,10000000.0,255,317673.0,271821466,4382364770.03,2019-06-26,7,8,1,4,3
19072,2,4,6,9,18,7,10,1,10000000.0,111,866361.0,269398842,4390457898.5,2019-06-24,2,2,3,9,3
19071,7,13,14,15,22,7,11,5,10000000.0,151,742834.0,295494008,4386203653.53,2019-06-22,6,1,1,7,4
19070,2,13,15,22,34,2,12,1,10000000.0,65,2135786.0,271071777,4419628452.27,2019-06-19,11,2,7,12,10
19069,8,22,23,33,34,4,6,14,18000000.0,113,1195821.0,277867343,4409347603.61,2019-06-17,14,1,10,1,2
19068,4,5,8,17,27,6,11,9,18000000.0,96,1027114.0,302523734,4527560332.13,2019-06-15,1,3,9,10,5
19067,3,8,11,15,16,2,10,6,10000000.0,121,962965.0,281702303,4596914428.4,2019-06-12,5,3,4,1,8
19066,4,10,11,18,31,5,8,5,10000000.0,166,477203.0,272861483,4639229846.44,2019-06-10,6,1,7,13,3
19065,3,8,10,23,27,2,12,5,18000000.0,135,884777.0,295446062,4677385384.87,2019-06-08,5,2,13,4,10
19064,7,8,13,19,29,11,12,0,0.0,156,752477.0,277172405,4705583931.89,2019-06-05,1,5,6,10,1
19063,5,8,15,18,21,4,8,7,10000000.0,227,345789.0,269890522,4705583931.89,2019-06-03,3,7,3,3,4
19062,5,16,23,25,28,1,12,6,18000000.0,207,435749.0,292876443,4764031989.12,2019-06-01,11,7,2,3,11
19061,1,2,13,14,26,5,11,4,10000000.0,130,786195.0,272417820,4808403292.26,2019-05-29,1,11,1,12,6
19060,1,11,12,18,21,8,10,0,0.0,111,1277049.0,269705099,4833102718.66,2019-05-27,10,1,6,3,2
19059,7,8,15,27,32,8,12,3,10000000.0,189,652539.0,301599968,4833102718.66,2019-05-25,1,7,12,5,4
19058,3,10,13,14,32,7,11,7,18000000.0,97,1162198.0,275571204,4845045371.81,2019-05-22,7,3,1,18,4
19057,8,14,16,34,35,6,12,4,18000000.0,113,1028788.0,276199961,4894582543.02,2019-05-20,6,2,18,1,6
19056,1,7,10,12,23,6,8,7,18000000.0,130,939164.0,305996270,4915397954.52,2019-05-18,6,3,2,11,2
19055,2,4,6,19,22,2,6,4,18000000.0,109,1025569.0,283602540,4963149792.21,2019-05-15,2,2,13,3,4
19054,2,18,23,27,30,5,10,36,18000000.0,248,199936.0,276149811,4984758179.7,2019-05-13,16,5,4,3,5
19053,1,11,19,26,35,11,12,1,10000000.0,117,1127086.0,302681393,5323214068.97,2019-05-11,10,8,7,9,1
19052,4,10,15,20,24,7,11,5,18000000.0,133,875934.0,276499358,5313363213.2,2019-05-08,6,5,5,4,4
19051,11,15,16,20,29,4,8,1,10000000.0,139,901708.0,271425230,5344151471.31,2019-05-06,4,1,4,9,4
19050,4,15,16,20,35,3,12,3,10000000.0,65,1952125.0,285832883,5336065896.62,2019-05-04,11,1,4,15,9
19049,10,16,22,26,27,7,11,6,18000000.0,126,931318.0,258571922,5347345506.43,2019-05-01,6,6,4,1,4
19048,6,10,16,29,33,5,11,7,18000000.0,217,413195.0,277776696,5385687606.44,2019-04-29,4,6,13,4,6
19047,3,4,10,16,32,4,9,10,18000000.0,137,754866.0,301841890,5438181602.71,2019-04-27,1,6,6,16,5
19046,2,8,14,15,35,10,12,5,10000000.0,259,357039.0,279781730,5516686407.37,2019-04-24,6,6,1,20,2
19045,1,4,16,19,33,3,12,49,18000000.0,350,164822.0,266773843,5552688626.28,2019-04-22,3,12,3,14,9
19044,3,6,10,12,31,1,2,3,10000000.0,110,1237386.0,297670249,6008098540.8,2019-04-20,3,4,2,19,1
19043,2,6,7,12,15,6,12,30,18000000.0,88,1312507.0,265838829,6017894922.86,2019-04-17,4,1,5,3,6
19042,4,10,13,28,33,11,12,11,18000000.0,110,1000033.0,266281814,6274619165.19,2019-04-15,6,3,15,5,1
19041,12,19,20,22,28,2,6,34,18000000.0,92,1241069.0,278194830,6358353641.44,2019-04-13,7,1,2,6,4
19040,1,3,31,32,34,1,3,19,18000000.0,96,1234182.0,256461644,6679434766.57,2019-04-10,2,28,1,2,2
19039,1,12,18,26,35,6,12,12,18000000.0,92,1342256.0,258620074,6835874897.75,2019-04-08,11,6,8,9,6
19038,5,11,16,18,27,7,12,4,18000000.0,127,824349.0,273576520,6935534546.87,2019-04-06,6,5,2,9,5
19037,6,16,26,33,35,4,8,2,10000000.0,1124,97581.0,259744189,6957878946.51,2019-04-03,10,10,7,2,4
19036,3,9,21,28,30,1,12,5,18000000.0,149,805969.0,264051280,6962303972.24,2019-04-01,6,12,7,2,11
19035,1,3,5,7,18,8,9,7,18000000.0,224,395913.0,278976389,6990724179.86,2019-03-30,2,2,2,11,1
19034,8,12,15,27,30,1,2,2,10000000.0,144,797835.0,263239739,7043311560.73,2019-03-27,4,3,12,3,1
19033,1,2,4,16,24,7,9,5,18000000.0,47,2413758.0,259583444,7046359232.57,2019-03-25,1,2,12,8,2
19032,1,4,7,11,30,7,8,3,18000000.0,119,882856.0,281069928,7075490419.61,2019-03-23,3,3,4,19,1
19031,3,8,21,26,33,4,5,6,18000000.0,429,174787.0,258941467,7087941067.17,2019-03-20,5,13,5,7,1
19030,7,9,13,14,33,2,4,0,0.0,90,1663686.0,259512014,7130547448.93,2019-03-18,2,4,1,19,2
19029,1,4,18,24,28,2,3,2,18000000.0,96,1563946.0,286607872,7130547448.93,2019-03-16,3,14,6,4,1
19028,6,22,28,29,33,2,7,0,0.0,79,2062978.0,265043546,7126442763.63,2019-03-13,16,6,1,4,5
19027,16,18,24,25,27,2,7,1,10000000.0,123,911584.0,258310439,7126442763.63,2019-03-11,2,6,1,2,5
19026,10,12,15,17,19,2,3,12,18000000.0,195,533154.0,276287254,7119844630.41,2019-03-09,2,3,2,2,1
19025,6,13,16,19,29,3,7,1,10000000.0,134,616640.0,254293562,7214723367.23,2019-03-06,7,3,3,10,4
19024,11,17,19,29,33,8,9,7,18000000.0,108,746983.0,253993953,7212374715.45,2019-03-04,6,2,10,4,1
19023,1,3,14,26,30,6,11,1,10000000.0,48,2239414.0,271045330,7266412330.52,2019-03-02,2,11,12,4,5
19022,1,4,14,15,21,1,5,4,18000000.0,92,1242604.0,250698873,7260411038.25,2019-02-27,3,10,1,6,4
19021,7,13,17,24,33,1,10,4,18000000.0,119,776500.0,246282617,7281471244.44,2019-02-25,6,4,7,9,9
19020,1,8,16,27,34,3,12,6,18000000.0,1223,100886.0,262801443,7305795077.03,2019-02-23,7,8,11,7,9
19019,4,11,19,25,32,1,2,4,18000000.0,155,602487.0,240747642,7344326745.47,2019-02-20,7,8,6,7,1
19018,3,18,19,26,34,6,12,3,16000000.0,99,200686.0,206286685,7368392285.46,2019-02-18,15,1,7,8,6
19017,1,5,7,22,25,3,4,5,16000000.0,126,178880.0,224354188,7345788306.22,2019-02-16,4,2,15,3,1
19016,3,5,13,16,28,2,6,4,16000000.0,44,456529.0,199463845,7335987177.13,2019-02-13,2,8,3,12,4
19015,2,5,10,13,30,4,6,1,10000000.0,66,286937.0,200905382,7318529721.59,2019-02-11,3,5,3,17,2
19014,12,14,20,28,31,9,11,3,10000000.0,161,136289.0,252453111,7281902287.45,2019-02-02,2,6,8,3,2
19013,8,10,15,17,18,1,8,6,7771123.0,107,150836.0,209355520,7261573924.16,2019-01-30,2,5,2,1,7
19012,5,9,17,18,19,7,10,6,11669081.0,204,62262.0,208049284,7270412609.81,2019-01-28,4,8,1,1,3
19011,4,12,13,16,17,4,9,2,10000000.0,86,229188.0,229215164,7282068516.69,2019-01-26,8,1,3,1,5
19010,3,7,24,25,27,2,12,2,10000000.0,59,399616.0,213767581,7255514505.17,2019-01-23,4,17,1,2,10
19009,3,9,15,18,26,6,12,0,0.0,156,129756.0,208724945,7221191570.4,2019-01-21,6,6,3,8,6
19008,3,8,17,20,24,6,11,19,10186300.0,94,244692.0,235369276,7175235779.36,2019-01-19,5,9,3,4,5
19007,3,12,16,29,32,1,5,0,0.0,94,236072.0,212856147,7231975347.18,2019-01-16,9,4,13,3,4
19006,14,17,19,25,30,4,8,4,14222728.0,113,118172.0,211569980,7179104849.41,2019-01-14,3,2,6,5,4
19005,21,26,27,29,34,5,6,3,16000000.0,205,91003.0,226883398,7179285216.01,2019-01-12,5,1,2,5,1
19004,15,16,17,31,32,3,9,13,10142732.0,201,77916.0,204580697,7161063055.99,2019-01-09,1,1,14,1,6
19003,4,8,18,20,32,10,12,0,0.0,65,333635.0,207380158,7201268804.59,2019-01-07,4,10,2,12,2
19002,2,7,14,22,31,1,7,5,16000000.0,192,116833.0,225241300,7151049695.27,2019-01-05,5,7,8,9,6
19001,6,18,23,26,28,3,12,3,10000000.0,73,318038.0,210010629,7142421311.27,2019-01-02,12,5,3,2,9
18154,14,22,23,26,30,3,5,2,16000000.0,61,325124.0,211659213,7118917925.11,2018-12-31,8,1,3,4,2
18153,3,6,7,8,21,1,8,3,16000000.0,102,207393.0,226088197,7088689110.58,2018-12-29,3,1,1,13,7
18152,2,4,5,12,28,8,11,0,0.0,75,264747.0,205613392,7064136608.18,2018-12-26,2,1,7,16,3
18151,4,8,18,29,30,3,7,3,16000000.0,126,135619.0,207291663,7018219322.87,2018-12-24,4,10,11,1,4
18150,5,12,13,31,34,10,12,1,10000000.0,64,355284.0,225791549,7002968220.47,2018-12-22,7,1,18,3,2
18149,1,7,10,11,20,3,6,9,12391179.0,107,189768.0,207515954,6956714763.71,2018-12-19,6,3,1,9,3
18148,2,6,24,33,34,2,3,7,13458350.0,172,119235.0,208136096,6967866677.36,2018-12-17,4,18,9,1,1
18147,1,11,26,33,35,2,10,0,0.0,50,485585.0,223971838,6972210324.58,2018-12-15,10,15,7,2,8
18146,3,8,9,13,33,1,2,0,0.0,82,269649.0,205362986,6915052805.36,2018-12-12,5,1,4,20,1
18145,9,18,29,31,33,6,11,4,16000000.0,82,248201.0,203937312,6863931453.0,2018-12-10,9,11,2,2,5
18144,6,17,18,24,31,7,11,11,11190257.0,231,79635.0,218318880,6852100778.34,2018-12-08,11,1,6,7,4
18143,4,7,20,22,33,1,2,0,0.0,46,498198.0,209812542,6875246343.44,2018-12-05,3,13,2,11,1
18142,19,24,28,29,34,10,11,5,8947164.0,79,238558.0,209733653,6821793738.0,2018-12-03,5,4,1,5,1
18141,3,7,23,26,33,4,9,7,8326917.0,126,184766.0,229878514,6821675414.27,2018-12-01,4,16,3,7,5
18140,1,6,8,12,15,3,4,4,10000000.0,54,378526.0,214669161,6827035600.62,2018-11-28,5,2,4,3,1
18139,5,11,16,28,35,6,9,6,13687617.0,77,233798.0,211260296,6818142501.45,2018-11-26,6,5,12,7,3
18138,1,23,24,28,33,4,5,1,10000000.0,63,384155.0,235550538,6820616434.92,2018-11-24,22,1,4,5,1
18137,7,10,22,23,33,8,11,2,16000000.0,137,142043.0,213366740,6774793860.95,2018-11-21,3,12,1,10,3
18136,3,11,12,19,21,5,11,3,16000000.0,128,147264.0,211832625,6745147509.0,2018-11-19,8,1,7,2,6
18135,14,19,23,27,34,6,12,2,10000000.0,46,592584.0,234501139,6728041749.31,2018-11-17,5,4,4,7,6
18134,4,5,19,31,35,2,12,3,16000000.0,54,432518.0,216189491,6685696823.23,2018-11-14,1,14,12,4,10
18133,8,12,14,15,19,1,10,11,11729024.0,69,333552.0,217396050,6657631974.04,2018-11-12,4,2,1,4,9
18132,3,16,22,23,27,1,4,2,16000000.0,79,324785.0,239163144,6678376013.66,2018-11-10,13,6,1,4,3
18131,12,14,21,32,33,2,11,1,10000000.0,64,360523.0,216536327,6635339455.74,2018-11-07,2,7,11,1,9
18130,3,4,16,18,25,1,11,4,16000000.0,63,335643.0,217325653,6590885413.07,2018-11-05,1,12,2,7,10
18129,4,7,21,22,29,3,6,9,11480022.0,137,122560.0,235940348,6576364115.59,2018-11-03,3,14,1,7,3
18128,11,12,14,16,26,8,9,2,10000000.0,71,300960.0,220324605,6594664860.45,2018-10-31,1,2,2,10,1
18127,1,3,4,11,29,8,12,5,16000000.0,100,219436.0,217690667,6564347966.86,2018-10-29,2,1,7,18,4
18126,11,13,15,21,27,5,6,2,10000000.0,105,211321.0,237550025,6554917405.49,2018-10-27,2,2,6,6,1
18125,7,16,20,21,34,4,6,7,13888843.0,115,197177.0,219795983,6522197027.55,2018-10-24,9,4,1,13,2
18124,8,10,12,19,20,10,11,5,14747764.0,216,80512.0,216443708,6524154322.05,2018-10-22,2,2,7,1,1
18123,6,9,29,32,35,2,4,8,12986006.0,126,174833.0,234208723,6522610651.61,2018-10-20,3,20,3,3,2
18122,8,9,21,30,31,5,12,4,10000000.0,174,125588.0,214571833,6530054426.41,2018-10-17,1,12,9,1,7
18121,6,7,21,29,30,1,10,3,16000000.0,106,168595.0,207915429,6520734499.03,2018-10-15,1,14,8,1,9
18120,21,22,25,27,30,8,9,4,16000000.0,236,108720.0,234821953,6502829135.12,2018-10-13,1,3,2,3,1
18119,6,9,11,16,35,2,5,6,13417331.0,72,252248.0,212932980,6481977558.64,2018-10-10,3,2,5,19,3
18118,4,5,14,21,34,6,9,7,11782032.0,62,250280.0,211508812,6485845808.74,2018-10-08,1,9,7,13,3
18117,7,11,13,22,29,3,8,10,10794899.0,152,105611.0,217651581,6498990134.83,2018-10-06,4,2,9,7,5
18116,1,14,17,21,33,7,10,7,12222027.0,62,269489.0,182177791,6524536540.06,2018-10-03,13,3,4,12,3
18115,2,6,13,18,25,1,2,10,11601803.0,179,101660.0,188986085,6535370887.62,2018-10-01,4,7,5,7,1
18114,12,18,26,28,29,5,6,6,8262635.0,95,194582.0,224148934,6552450316.38,2018-09-29,6,8,2,1,1
18113,8,12,27,31,33,4,8,1,10000000.0,92,212785.0,204939053,6557535636.88,2018-09-26,4,15,4,2,4
18112,3,7,8,9,29,9,10,4,14911968.0,126,122496.0,193514083,6521875291.15,2018-09-24,4,1,1,20,1
18111,3,16,27,28,32,4,5,3,10000000.0,64,340478.0,215472949,6520081923.65,2018-09-22,13,11,1,4,1
18110,6,19,21,27,28,3,11,9,11551454.0,189,90046.0,199222858,6499010024.89,2018-09-19,13,2,6,1,8
18109,10,16,23,25,34,2,5,5,15339472.0,50,375313.0,193599346,6515974853.57,2018-09-17,6,7,2,9,3
18108,9,10,24,31,32,7,12,1,10000000.0,56,411817.0,214909384,6512454344.16,2018-09-15,1,14,7,1,5
18107,7,8,9,10,22,3,4,6,13632220.0,118,164787.0,207148979,6469261221.79,2018-09-12,1,1,1,12,1
18106,4,14,17,24,31,1,4,3,16000000.0,114,171987.0,204182024,6472172226.51,2018-09-10,10,3,7,7,3
18105,1,16,19,20,31,2,7,3,10000000.0,80,272958.0,219284141,6452487726.44,2018-09-08,15,3,1,11,5
18104,1,13,14,26,28,7,11,1,10000000.0,51,405158.0,203640357,6430739174.62,2018-09-05,12,1,12,2,4
18103,14,24,26,28,35,2,3,0,0.0,43,497624.0,202609595,6391571458.42,2018-09-03,10,2,2,7,1
18102,6,7,13,22,24,10,12,2,10000000.0,99,233299.0,224197222,6342068179.76,2018-09-01,1,6,9,2,2
18101,3,14,15,23,29,4,5,12,10191131.0,273,49918.0,198499936,6308725026.92,2018-08-29,11,1,8,6,1
18100,6,20,21,26,30,6,9,5,13907038.0,58,287233.0,200023810,6342598373.69,2018-08-27,14,1,5,4,3
18099,12,13,16,20,21,1,7,6,9356006.0,47,550956.0,222690897,6343983973.51,2018-08-25,1,3,4,1,6
18098,2,15,18,25,27,5,7,6,13386222.0,82,232379.0,203730773,6340719923.61,2018-08-22,13,3,7,2,2
18097,10,12,14,18,23,1,4,3,16000000.0,33,651974.0,205831161,6344726748.78,2018-08-20,2,2,4,5,3
18096,13,14,20,28,34,6,10,4,16000000.0,105,219656.0,224999849,6319451570.86,2018-08-18,1,6,8,6,4
18095,7,14,18,29,35,5,12,12,9971523.0,258,54155.0,201899050,6304083968.85,2018-08-15,7,4,11,6,7
18094,11,16,25,30,34,8,10,0,0.0,58,400004.0,204437453,6342519469.97,2018-08-13,5,9,5,4,2
18093,3,11,16,18,33,3,11,4,16000000.0,101,214350.0,219900805,6289602123.49,2018-08-11,8,5,2,15,8
18092,5,7,14,18,19,4,10,1,10000000.0,82,221958.0,203960013,6271921898.9,2018-08-08,2,7,4,1,6
18091,6,22,26,28,31,1,7,3,16000000.0,66,320480.0,200209093,6239379715.37,2018-08-06,16,4,2,3,6
18090,6,20,24,33,34,4,11,2,16000000.0,58,356188.0,214323707,6215638458.69,2018-08-04,14,4,9,1,7
18089,26,27,28,32,34,6,10,3,10000000.0,237,69401.0,198789849,6185259533.87,2018-08-01,1,1,4,2,4
18088,8,9,21,25,33,1,8,5,15945388.0,59,335832.0,201070776,6175967288.11,2018-07-30,1,12,4,8,7
18087,3,14,19,23,25,1,4,3,10000000.0,75,296459.0,221733708,6170422461.93,2018-07-28,11,5,4,2,3
18086,16,22,24,29,31,4,5,2,10000000.0,36,575243.0,202039886,6147152397.99,2018-07-25,6,2,5,2,1
18085,1,2,14,25,31,5,7,5,15635977.0,66,325838.0,203720742,6119215421.13,2018-07-23,1,12,11,6,2
18084,6,11,17,22,35,11,12,0,0.0,85,273312.0,221782319,6114274675.94,2018-07-21,5,6,5,13,1
18083,7,12,25,27,28,10,11,4,16000000.0,69,298640.0,203396776,6060893274.96,2018-07-18,5,13,2,1,1
18082,1,2,14,17,18,8,10,0,0.0,69,324070.0,202664331,6046964394.78,2018-07-16,1,12,3,1,2
18081,2,10,13,21,35,1,12,2,16000000.0,94,245718.0,220990027,5995484438.14,2018-07-14,8,3,8,14,11
18080,7,16,24,26,31,10,11,8,12097502.0,145,126707.0,200930992,5956453500.72,2018-07-11,9,8,2,5,1
18079,3,4,10,27,29,1,5,11,10555289.0,179,84926.0,202323374,5968985976.16,2018-07-09,1,6,17,2,4
18078,7,11,12,22,30,3,6,3,16000000.0,149,129051.0,218580534,5999253266.21,2018-07-07,4,1,10,8,3
18077,1,6,9,15,26,8,9,2,16000000.0,107,196467.0,203843593,5981630962.46,2018-07-04,5,3,6,11,1
18076,7,18,28,29,32,6,8,7,12509673.0,181,89504.0,199580156,5950663010.78,2018-07-02,11,10,1,3,2
18075,1,6,12,20,34,4,12,1,10000000.0,90,264019.0,220535723,5958857007.2,2018-06-30,5,6,8,14,8
18074,3,9,12,28,30,4,12,21,9677411.0,159,109382.0,199597596,5909727592.75,2018-06-27,6,3,16,2,8
18073,13,19,24,25,29,2,8,7,12413360.0,151,108310.0,201563745,5972044398.22,2018-06-25,6,5,1,4,6
18072,5,12,17,24,26,1,2,3,16000000.0,98,265936.0,224650873,5981278505.68,2018-06-23,7,5,7,2,1
18071,2,5,23,30,31,3,9,2,16000000.0,48,426233.0,214566154,5949658808.6,2018-06-20,3,18,7,1,6
18070,2,5,10,16,30,4,7,1,10000000.0,71,266507.0,211903935,5919039404.5,2018-06-18,3,5,6,14,3
18069,1,8,13,21,24,2,11,6,16000000.0,53,487137.0,241142640,5885037873.39,2018-06-16,7,5,8,3,9
18068,8,12,16,26,33,5,6,2,10000000.0,104,168593.0,196468042,5874936454.44,2018-06-13,4,4,10,7,1
18067,3,7,12,18,31,7,10,1,10000000.0,102,223379.0,219756324,5854895390.25,2018-06-11,4,5,6,13,3
18066,1,20,23,32,33,1,4,2,10000000.0,82,325676.0,239793134,5813704069.93,2018-06-09,19,3,9,1,3
18065,7,10,28,31,32,8,10,4,16000000.0,172,120590.0,220810457,5772639586.93,2018-06-06,3,18,3,1,2
18064,1,3,4,11,29,2,4,0,0.0,96,256670.0,224954479,5761282472.73,2018-06-04,2,1,7,18,2
18063,5,14,15,32,34,3,10,6,14668136.0,125,174798.0,245622727,5705403010.45,2018-06-02,9,1,17,2,7
18062,12,14,19,23,35,2,7,1,10000000.0,86,314929.0,238259472,5703821164.03,2018-05-30,2,5,4,12,5
18061,4,10,12,28,31,8,11,7,14238393.0,91,273987.0,237450953,5653787525.57,2018-05-28,6,2,16,3,3
18060,4,22,27,29,31,2,10,3,16000000.0,84,362384.0,263797526,5654020895.59,2018-05-26,18,5,2,2,8
18059,1,9,10,27,35,6,11,1,10000000.0,97,265464.0,242609804,5611696366.03,2018-05-23,8,1,17,8,5
18058,9,11,12,26,32,4,10,2,16000000.0,192,109816.0,239072621,5563764270.56,2018-05-21,2,1,14,6,6
18057,13,19,22,27,28,5,6,14,11672670.0,160,162584.0,263782813,5533435106.09,2018-05-19,6,3,5,1,1
18056,2,4,16,28,34,5,7,1,10000000.0,108,256385.0,242284907,5556714938.56,2018-05-16,2,12,12,6,2
18055,3,7,20,33,34,9,10,2,16000000.0,129,200201.0,247382161,5505823357.74,2018-05-14,4,13,13,1,1
18054,9,10,12,20,30,1,7,20,10587332.0,196,145875.0,266905172,5465203784.82,2018-05-12,1,2,8,10,6
18053,11,16,21,23,25,2,12,0,0.0,75,404120.0,247482667,5515804329.86,2018-05-09,5,5,2,2,10
18052,5,16,18,19,25,2,7,7,14377289.0,140,165371.0,240438756,5447819442.24,2018-05-07,11,2,1,6,5
18051,9,18,28,29,35,3,11,4,16000000.0,123,208043.0,263978006,5447396941.16,2018-05-05,9,10,1,6,8
18050,22,24,26,34,35,6,12,1,10000000.0,79,360688.0,241836897,5422293093.95,2018-05-02,2,2,8,1,6
18049,4,7,9,10,13,6,12,0,0.0,94,235900.0,230788528,5368233194.3,2018-04-30,3,2,1,3,6
18048,2,3,11,20,25,2,7,5,16000000.0,93,327099.0,276622481,5318104005.26,2018-04-28,1,8,9,5,5
18047,3,8,10,14,20,4,8,4,16000000.0,92,293380.0,258398718,5293491487.24,2018-04-25,5,2,4,6,4
18046,10,20,22,29,32,5,10,11,12208708.0,78,313651.0,257284500,5268370217.12,2018-04-23,10,2,7,3,5
18045,2,5,20,30,35,5,9,6,16000000.0,109,274782.0,283210997,5283900535.62,2018-04-21,3,15,10,5,4
18044,2,4,6,18,21,5,8,3,16000000.0,182,139078.0,265929558,5268779121.72,2018-04-18,2,2,12,3,3
18043,3,6,13,28,33,4,11,27,9480078.0,121,182398.0,256568992,5239147674.15,2018-04-16,3,7,15,5,7
18042,3,19,25,29,35,5,9,35,9094758.0,192,104134.0,265007165,5327068941.34,2018-04-14,16,6,4,6,4
18041,1,23,25,31,33,1,12,4,16000000.0,92,342140.0,253422570,5445163138.2,2018-04-11,22,2,6,2,11
18040,5,7,18,27,31,1,8,0,0.0,187,113043.0,211513034,5411665761.22,2018-04-09,2,11,9,4,7
18039,2,7,14,29,32,10,11,3,16000000.0,130,175603.0,217344524,5364269644.97,2018-04-07,5,7,15,3,1
18038,14,23,25,31,32,1,3,4,16000000.0,52,421468.0,198878775,5339234513.65,2018-04-04,9,2,6,1,2
18037,1,3,27,30,31,2,11,3,16000000.0,79,293422.0,205790103,5323867872.59,2018-04-02,2,24,3,1,9
18036,11,17,18,21,27,7,8,0,0.0,66,331819.0,227859939,5297754793.49,2018-03-31,6,1,3,6,1
18035,5,7,10,12,24,7,11,0,0.0,101,207531.0,211060885,5244871082.16,2018-03-28,2,3,2,12,4
18034,8,11,22,27,32,3,7,5,8607549.0,136,125334.0,212117050,5196338763.17,2018-03-26,3,11,5,5,4
18033,2,3,19,23,34,4,9,11,11004185.0,189,105385.0,231061109,5198381632.29,2018-03-24,1,16,4,11,5
18032,7,10,17,32,35,5,12,1,10000000.0,87,257923.0,211403323,5225006750.48,2018-03-21,3,7,15,3,7
18031,3,8,13,17,23,5,11,2,16000000.0,109,185174.0,211527559,5184093714.28,2018-03-19,5,5,4,6,6
18030,5,18,21,28,32,9,11,3,16000000.0,175,108824.0,230478981,5152546013.85,2018-03-17,13,3,7,4,2
18029,3,9,21,25,29,1,8,4,16000000.0,103,179816.0,211962307,5134052855.83,2018-03-14,6,12,4,4,7
18028,4,19,25,30,35,4,7,1,10000000.0,74,280585.0,210397698,5125941530.51,2018-03-12,15,6,5,5,3
18027,1,18,20,21,26,4,11,4,16000000.0,47,412488.0,222637440,5085962016.49,2018-03-10,17,2,1,5,7
18026,1,2,3,4,30,3,5,2,10000000.0,157,132177.0,205938359,5074912532.29,2018-03-07,1,1,1,26,2
18025,7,8,9,15,34,7,8,4,16000000.0,58,324915.0,207433913,5047617317.86,2018-03-05,1,1,6,19,1
18024,2,16,24,30,32,4,7,3,10000000.0,35,614296.0,230080943,5038602897.33,2018-03-03,14,8,6,2,3
18023,12,13,18,21,29,2,8,1,10000000.0,89,177262.0,203587803,5016451627.03,2018-02-28,1,5,3,8,6
18022,2,10,19,33,35,5,6,0,0.0,55,356870.0,202288216,4988506161.93,2018-02-26,8,9,14,2,1
18021,5,6,8,9,15,4,11,1,10000000.0,116,161963.0,233520667,4941852651.3,2018-02-24,1,2,1,6,7
18020,1,10,13,14,21,9,12,2,16000000.0,63,401828.0,223552917,4908324787.43,2018-02-14,9,3,1,7,3
18019,10,11,19,21,28,5,12,1,10000000.0,54,401492.0,206501821,4865933980.43,2018-02-12,1,8,2,7,7
18018,6,8,13,24,28,6,12,0,0.0,77,283049.0,226108418,4824492674.96,2018-02-10,2,5,11,4,6
18017,4,19,21,23,31,4,9,5,15886731.0,47,420180.0,202520718,4771863108.84,2018-02-07,15,2,2,8,5
18016,1,2,12,13,23,9,12,3,10000000.0,104,173612.0,202835116,4766514256.47,2018-02-05,1,10,1,10,3
18015,4,13,15,18,29,5,11,2,10000000.0,81,249054.0,220572521,4753653322.59,2018-02-03,9,2,3,11,6
18014,14,16,18,24,31,1,8,1,10000000.0,75,301705.0,203817985,4726825681.12,2018-01-31,2,2,6,7,7
18013,8,24,31,33,35,7,10,0,0.0,52,393516.0,203090721,4684812702.88,2018-01-29,16,7,2,2,3
18012,3,22,24,29,34,7,11,7,13150388.0,136,148092.0,218599858,4635213010.41,2018-01-27,19,2,5,5,4
18011,3,13,15,23,26,1,10,0,0.0,44,495422.0,203498133,4641173456.84,2018-01-24,10,2,8,3,9
18010,24,25,26,28,29,4,12,4,16000000.0,97,218720.0,209455315,4588018755.46,2018-01-22,1,1,2,1,8
18009,10,12,28,30,34,3,4,0,0.0,46,542323.0,230281073,4570009063.45,2018-01-20,2,16,2,4,1
18008,9,15,17,20,22,10,11,6,15715672.0,62,360731.0,211879491,4509562520.37,2018-01-17,6,2,3,2,1
18007,3,4,28,31,34,4,11,4,16000000.0,53,421059.0,210430592,4504102672.18,2018-01-15,1,24,3,3,7
18006,19,20,30,32,33,3,5,0,0.0,159,126584.0,228876959,4483250787.12,2018-01-13,1,10,2,1,2
18005,4,9,23,24,30,8,11,7,12413708.0,223,78118.0,208354385,4435847449.69,2018-01-10,5,14,1,6,3
18004,4,9,22,28,30,1,10,5,15659787.0,70,298432.0,205801716,4445675467.45,2018-01-08,5,13,6,2,9
18003,4,21,23,24,30,9,10,7,13689918.0,76,276468.0,226801109,4440647604.82,2018-01-06,17,2,1,6,1
18002,12,20,23,27,34,1,6,12,10374641.0,93,173497.0,208431222,4443585959.01,2018-01-03,8,3,4,7,5
18001,1,13,22,25,35,3,4,7,14621280.0,56,399756.0,215274808,4479674483.42,2018-01-01,12,9,3,10,1
17153,1,9,24,26,34,9,12,5,16000000.0,95,260148.0,236928410,4478126302.73,2017-12-30,8,15,2,8,3
17152,2,4,7,23,28,2,8,5,14721400.0,112,164051.0,214887235,4466541182.05,2017-12-27,2,3,16,5,6
17151,5,6,23,28,32,4,5,5,16000000.0,65,317504.0,211995741,4464946961.94,2017-12-25,1,17,5,4,1
17150,3,6,10,13,18,9,11,1,10000000.0,57,452286.0,235911666,4457502260.87,2017-12-23,3,4,3,5,2
17149,10,18,19,25,26,4,12,1,10000000.0,138,164488.0,216816379,4407904079.86,2017-12-20,8,1,6,1,8
17148,19,27,31,32,35,11,12,6,13731784.0,72,241924.0,211263443,4364959468.08,2017-12-18,8,4,1,3,1
17147,5,16,17,25,34,1,11,1,10000000.0,106,243185.0,229737246,4367250718.28,2017-12-16,11,1,8,9,10
17146,1,5,11,14,35,9,10,5,14628982.0,125,145136.0,213122165,4318480826.62,2017-12-13,4,6,3,21,1
17145,4,7,17,18,19,3,10,4,16000000.0,143,115507.0,213369884,4317224774.98,2017-12-11,3,10,1,1,7
17144,3,21,23,29,32,10,11,3,10000000.0,91,258886.0,233101357,4309699345.11,2017-12-09,18,2,6,3,1
17143,6,9,24,29,32,2,7,4,10000000.0,84,235232.0,209971249,4282393686.41,2017-12-06,3,15,5,3,5
17142,1,5,16,19,28,2,10,1,10000000.0,73,279873.0,209153464,4275347171.15,2017-12-04,4,11,3,9,8
17141,2,8,21,22,29,3,5,4,16000000.0,97,240382.0,227842115,4237389514.38,2017-12-02,6,13,1,7,2
17140,10,16,25,26,29,1,5,5,16000000.0,76,297203.0,210287622,4219678773.37,2017-11-29,6,9,1,3,4
17139,2,6,19,25,32,9,12,3,16000000.0,123,146168.0,208076169,4210596967.28,2017-11-27,4,13,6,7,3
17138,4,7,9,20,25,2,11,14,10480284.0,87,230566.0,224706665,4195563190.17,2017-11-25,3,2,11,5,9
17137,1,20,22,28,29,5,7,25,9630430.0,44,476424.0,208371260,4236731015.78,2017-11-22,19,2,6,1,2
17136,1,11,20,21,22,3,4,27,9406288.0,114,165192.0,204621999,4314495402.73,2017-11-20,10,9,1,1,1
17135,1,12,15,19,22,2,4,4,10000000.0,76,331396.0,228099000,4403766719.35,2017-11-18,11,3,4,3,2
17134,7,18,19,32,34,2,10,3,16000000.0,115,168249.0,209089016,4384046233.1,2017-11-15,11,1,13,2,8
17133,15,17,19,32,33,1,3,0,0.0,64,319072.0,205369201,4363865130.97,2017-11-13,2,2,13,1,2
17132,11,17,23,26,27,1,10,2,10000000.0,79,300043.0,228286369,4314342249.6,2017-11-11,6,6,3,1,9
17131,3,5,8,19,34,1,12,4,10000000.0,97,210896.0,209769933,4276365066.49,2017-11-08,2,3,11,15,11
17130,5,18,28,33,34,3,4,2,16000000.0,77,284796.0,205281738,4269462536.11,2017-11-06,13,10,5,1,1
17129,5,17,20,32,33,4,9,5,13706956.0,136,119724.0,221400965,4234584571.14,2017-11-04,12,3,12,1,5
17128,9,11,13,18,33,2,3,5,16000000.0,60,379753.0,210460163,4236702290.25,2017-11-01,2,2,5,15,1
17127,2,15,18,21,22,3,10,18,9492052.0,126,129742.0,202014185,4224508242.85,2017-10-30,13,3,3,1,7
17126,3,4,13,24,33,1,11,5,16000000.0,85,282713.0,224742436,4291619493.61,2017-10-28,1,9,11,9,10
17125,7,11,18,26,28,4,5,20,9044072.0,329,34998.0,202527987,4275162353.38,2017-10-25,4,7,8,2,1
17124,3,29,30,32,35,3,8,1,10000000.0,64,287723.0,201634459,4351880934.91,2017-10-23,26,1,2,3,5
17123,3,15,23,26,32,1,12,3,16000000.0,89,288216.0,224279189,4318722376.23,2017-10-21,12,8,3,6,11
17122,3,12,18,29,34,3,11,4,16000000.0,94,219771.0,204853140,4284527224.27,2017-10-18,9,6,11,5,8
17121,1,6,12,26,31,1,7,0,0.0,91,239238.0,199583003,4271765199.07,2017-10-16,5,6,14,5,6
17120,8,15,24,26,27,5,6,10,10796014.0,149,101518.0,216330390,4223045066.72,2017-10-14,7,9,2,1,1
17119,5,7,13,29,35,3,8,7,13274931.0,57,347059.0,197391000,4247472952.64,2017-10-11,2,6,16,6,5
17118,2,7,16,20,33,3,11,20,10060188.0,77,267091.0,195121929,4252457950.64,2017-10-09,5,9,4,13,8
17117,5,7,9,24,32,8,10,6,13869492.0,58,352924.0,207881694,4307581838.48,2017-10-07,2,2,15,8,2
17116,2,27,30,32,33,1,3,2,10000000.0,43,387859.0,172984540,4309435912.43,2017-10-04,25,3,2,1,2
17115,14,19,20,25,31,6,8,5,14437326.0,285,61497.0,175963547,4288831778.98,2017-10-02,5,1,5,6,2
17114,6,7,12,18,23,1,12,1,10000000.0,78,331996.0,221457669,4288325250.21,2017-09-30,1,5,6,5,11
17113,5,8,17,18,23,4,12,11,10562481.0,133,117027.0,202181819,4238842403.1,2017-09-27,3,9,1,5,8
17112,5,6,20,31,32,6,12,11,11550753.0,114,168251.0,199283910,4270235999.62,2017-09-25,1,14,11,1,6
17111,2,14,17,26,34,8,12,2,16000000.0,57,401712.0,220140489,4289815823.69,2017-09-23,12,3,9,8,4
17110,10,14,20,21,35,2,5,4,16000000.0,80,246483.0,201794687,4252044900.23,2017-09-20,4,6,1,14,3
17109,6,9,19,26,34,5,7,12,10813792.0,137,122579.0,202094126,4242085787.76,2017-09-18,3,10,7,8,2
17108,1,4,15,21,22,4,9,5,16000000.0,66,350998.0,224635006,4268598635.95,2017-09-16,3,11,6,1,5
17107,4,10,19,25,27,6,12,3,16000000.0,130,146972.0,203030002,4256486298.74,2017-09-13,6,9,6,2,6
17106,9,12,18,23,29,2,4,4,16000000.0,103,208345.0,201806989,4239006390.5,2017-09-11,3,6,5,6,2
17105,4,15,22,24,32,2,9,2,10000000.0,51,429361.0,224525720,4224981559.54,2017-09-09,11,7,2,8,7
17104,9,11,22,27,30,9,11,4,15459955.0,295,57716.0,200139054,4191982211.19,2017-09-06,2,11,5,3,2
17103,4,19,20,24,29,3,4,2,10000000.0,68,277360.0,199164249,4188619607.84,2017-09-04,15,1,4,5,1
17102,1,12,23,24,29,8,12,2,10000000.0,72,341739.0,224707432,4163837398.83,2017-09-02,11,11,1,5,4
17101,5,15,21,25,29,5,8,27,8793299.0,224,50625.0,200305918,4125812710.07,2017-08-30,10,6,4,4,3
17100,2,5,18,19,31,1,9,0,0.0,94,191539.0,199482458,4228046475.45,2017-08-28,3,13,1,12,8
17099,8,9,17,18,24,3,7,1,10000000.0,70,294620.0,221193415,4185748073.38,2017-08-26,1,8,1,6,4
17098,6,9,17,30,35,10,11,2,10000000.0,99,182006.0,196939620,4147258197.12,2017-08-23,3,8,13,5,1
17097,7,14,19,22,34,7,12,1,10000000.0,96,200011.0,196473148,4126211909.27,2017-08-21,7,5,3,12,5
17096,3,7,9,17,28,4,12,1,10000000.0,126,171416.0,208897903,4090375934.88,2017-08-19,4,2,8,11,8
17095,15,32,33,34,35,3,12,13,10464793.0,1523,24000.0,201396755,4049665155.53,2017-08-16,17,1,1,1,9
17094,3,5,8,29,33,4,8,7,12744230.0,132,127193.0,199415092,4085529699.07,2017-08-14,2,3,21,4,4
17093,5,6,17,21,29,2,4,5,9617428.0,95,232664.0,221236141,4092641538.01,2017-08-12,1,11,4,8,2
17092,3,7,9,17,34,4,5,0,0.0,59,261534.0,195744671,4088257898.69,2017-08-09,4,2,8,17,1
17091,1,5,7,16,19,3,12,0,0.0,73,244924.0,195484927,4051343402.1,2017-08-07,4,2,9,3,9
17090,3,6,15,22,35,9,11,1,10000000.0,65,357508.0,213149992,4007843515.18,2017-08-05,3,9,7,13,2
17089,3,5,6,15,18,3,10,6,12669388.0,157,101153.0,195804666,3963658496.87,2017-08-02,2,1,9,3,7
17088,5,28,31,34,35,8,9,3,10000000.0,67,280915.0,197682581,3970858479.61,2017-07-31,23,3,3,1,1
17087,3,14,21,29,35,2,6,1,10000000.0,87,259430.0,217653411,3955355946.09,2017-07-29,11,7,8,6,4
17086,12,15,18,22,31,1,8,17,9856732.0,103,157915.0,197778070,3912253586.3,2017-07-26,3,3,4,9,7
17085,9,13,14,25,30,2,5,13,10665224.0,261,61296.0,196537555,3965099359.07,2017-07-24,4,1,11,5,3
17084,6,11,14,21,31,9,12,0,0.0,61,373054.0,212546263,3995626666.61,2017-07-22,5,3,7,10,3
17083,2,5,14,22,34,3,9,1,10000000.0,92,217465.0,196082394,3942194218.71,2017-07-19,3,9,8,12,6
17082,5,13,20,21,25,8,9,3,16000000.0,65,310323.0,195165466,3905756158.91,2017-07-17,8,7,1,4,1
17081,2,12,15,20,34,1,6,3,10000000.0,62,368572.0,214440906,3886662218.9,2017-07-15,10,3,5,14,5
17080,8,10,21,30,31,2,5,4,9890573.0,176,116614.0,195562828,3863295763.44,2017-07-12,2,11,9,1,3
17079,1,17,19,32,33,2,11,12,10954201.0,141,134065.0,195650788,3858398294.9,2017-07-10,16,2,13,1,9
17078,4,5,27,31,34,3,6,2,10000000.0,85,254508.0,215807962,3885958972.06,2017-07-08,1,22,4,3,3
17077,1,3,4,25,31,6,9,0,0.0,79,252251.0,199482288,3854394416.02,2017-07-05,2,1,21,6,3
17076,2,7,25,30,35,7,12,4,16000000.0,49,359694.0,200022206,3809067958.93,2017-07-03,5,18,5,5,5
17075,5,11,16,18,35,1,6,6,16000000.0,71,351292.0,221784822,3798166893.22,2017-07-01,6,5,2,17,5
17074,8,10,11,13,17,8,11,0,0.0,76,254657.0,204843047,3790728402.38,2017-06-28,2,1,2,4,3
17073,7,18,28,31,33,1,2,3,10000000.0,56,382214.0,204516994,3744836916.36,2017-06-26,11,10,3,2,1
17072,1,3,29,32,34,2,5,1,10000000.0,48,554268.0,228833631,3724273122.31,2017-06-24,2,26,3,2,3
17071,1,4,11,14,33,5,7,4,16000000.0,87,218952.0,210213519,3673649899.17,2017-06-21,3,7,3,19,2
17070,6,16,18,26,30,2,3,4,10000000.0,95,218934.0,207995131,3663920573.44,2017-06-19,10,2,8,4,1
17069,10,16,20,23,32,8,11,2,10000000.0,97,242380.0,228473387,3655686532.8,2017-06-17,6,4,3,9,3
17068,7,8,19,24,27,6,7,2,16000000.0,150,102464.0,209829116,3622286671.83,2017-06-14,1,11,5,3,1
17067,10,17,18,32,35,10,11,3,16000000.0,183,105771.0,212851692,3602210395.45,2017-06-12,7,1,14,3,1
17066,11,15,23,26,30,2,11,4,10000000.0,92,225334.0,231593730,3583202521.14,2017-06-10,4,8,3,4,9
17065,5,11,12,19,28,5,12,10,11688596.0,127,169816.0,213256921,3572736762.86,2017-06-07,6,1,7,9,7
17064,1,8,20,27,30,3,4,2,10000000.0,119,187000.0,211131212,3591742938.14,2017-06-05,7,12,7,3,1
17063,18,21,22,24,29,5,11,13,10060412.0,387,39787.0,234932394,3561778733.98,2017-06-03,3,1,2,5,6
17062,1,4,6,8,28,8,12,2,10000000.0,76,306281.0,214270896,3602783336.43,2017-05-31,3,2,2,20,4
17061,10,19,23,25,30,2,4,1,10000000.0,169,104020.0,208653050,3568226863.4,2017-05-29,9,4,2,5,2
17060,9,15,20,26,31,5,12,21,9532419.0,317,57406.0,245007742,3538189538.77,2017-05-27,6,5,6,5,7
17059,8,11,13,15,17,3,10,1,10000000.0,164,136080.0,223675219,3607004261.83,2017-05-24,3,2,2,2,7
17058,14,18,20,21,28,3,6,11,11178769.0,162,121371.0,215638058,3565690703.85,2017-05-22,4,2,1,7,3
17057,12,16,19,23,24,2,5,16,11089571.0,90,285190.0,237458502,3589910730.78,2017-05-20,4,3,4,1,3
17056,1,4,24,27,32,3,10,5,16000000.0,79,308820.0,217496898,3623470204.79,2017-05-17,3,20,3,5,7
17055,19,20,22,30,33,3,9,3,16000000.0,125,171748.0,213671196,3614943787.27,2017-05-15,1,2,8,3,6
17054,16,29,30,32,33,4,5,16,11112944.0,115,233956.0,237276288,3591834048.99,2017-05-13,13,1,2,1,1
17053,6,19,20,22,26,1,11,8,13236494.0,118,203212.0,218610023,3625148136.15,2017-05-10,13,1,2,4,10
17052,3,19,24,28,33,4,12,7,13166923.0,148,129731.0,218340582,3631157292.95,2017-05-08,16,5,4,5,8
17051,14,17,18,22,29,10,11,1,10000000.0,128,198404.0,241560120,3636318978.81,2017-05-06,3,1,4,7,1
17050,12,14,17,20,28,2,6,10,11978227.0,68,320393.0,218534565,3589897237.21,2017-05-03,2,3,3,8,4
17049,9,12,14,22,31,5,8,18,9689217.0,138,119497.0,202400371,3606049646.07,2017-05-01,3,2,8,9,3
17048,7,9,13,15,19,3,10,8,13728835.0,185,128361.0,233285579,3661625450.23,2017-04-29,2,4,2,4,7
17047,15,19,32,33,34,9,12,33,9298142.0,97,228024.0,216534177,3664460457.45,2017-04-26,4,13,1,1,3
17046,4,17,20,23,30,2,3,11,11447609.0,179,114932.0,214822695,3769992914.65,2017-04-24,13,3,3,7,1
17045,1,8,11,21,35,9,12,3,16000000.0,90,318320.0,236182140,3791214185.74,2017-04-22,7,3,10,14,3
17044,11,16,17,18,25,2,9,3,16000000.0,105,228448.0,219158986,3753218411.79,2017-04-19,5,1,1,7,7
17043,6,13,22,25,35,9,12,2,10000000.0,58,352008.0,189775514,3726032789.43,2017-04-17,7,9,3,10,3
17042,2,17,31,33,34,1,7,5,15202632.0,106,177044.0,202920322,3699831558.03,2017-04-15,15,14,2,1,6
17041,2,4,6,25,31,5,9,4,16000000.0,41,461609.0,187473970,3696768216.19,2017-04-12,2,2,19,6,4
17040,4,6,10,23,29,9,11,8,11749584.0,136,110027.0,183016793,3682847590.96,2017-04-10,2,4,13,6,2
17039,5,6,14,17,26,3,8,1,10000000.0,219,68126.0,202116551,3696565737.78,2017-04-08,1,8,3,9,5
17038,4,5,13,18,27,3,9,7,12926096.0,93,192398.0,183323685,3670337332.79,2017-04-05,1,8,5,9,6
17037,13,15,16,32,34,6,11,0,0.0,194,78657.0,172182359,3676610111.55,2017-04-03,2,1,16,2,5
17036,1,4,9,18,33,2,5,2,16000000.0,88,233889.0,207193403,3638673625.87,2017-04-01,3,5,9,15,3
17035,14,17,22,30,33,7,12,16,9666732.0,170,79947.0,191121882,3606190192.77,2017-03-29,3,5,8,3,5
17034,6,12,21,26,29,2,11,3,16000000.0,84,236408.0,188394105,3657628827.88,2017-03-27,6,9,5,3,9
17033,15,22,23,25,34,5,11,2,10000000.0,105,191108.0,206676911,3638317243.04,2017-03-25,7,1,2,9,6
17032,2,13,14,18,29,3,9,2,16000000.0,52,389851.0,190004398,3612033002.0,2017-03-22,11,1,4,11,6
17031,2,16,17,30,32,2,9,6,12583630.0,104,150224.0,185528267,3582956408.23,2017-03-20,14,1,13,2,7
17030,21,22,24,29,34,5,6,0,0.0,131,167403.0,203209977,3590538407.36,2017-03-18,1,2,5,5,1
17029,1,6,14,17,29,1,11,0,0.0,86,261462.0,189003450,3541799422.06,2017-03-15,5,8,3,12,10
17028,6,18,22,23,33,9,11,3,10000000.0,98,171409.0,185993221,3490596212.93,2017-03-13,12,4,1,10,2
17027,8,17,25,33,34,3,11,5,8569144.0,162,106092.0,206383912,3480957577.96,2017-03-11,9,8,8,1,8
17026,10,14,19,25,32,2,7,4,9734049.0,43,419444.0,186355566,3483244837.8,2017-03-08,4,5,6,7,5
17025,10,16,19,20,34,4,5,4,16000000.0,67,257409.0,183593080,3479144224.54,2017-03-06,6,3,1,14,1
17024,21,23,29,32,35,11,12,3,10000000.0,91,210924.0,206593265,3471058022.64,2017-03-04,2,6,3,3,1
17023,5,8,12,24,34,7,10,1,10000000.0,144,116168.0,183366943,3455027875.25,2017-03-01,3,4,12,10,3
17022,2,3,9,17,24,6,12,0,0.0,51,400084.0,188485187,3427151759.95,2017-02-27,1,6,8,7,6
17021,1,15,17,20,26,6,8,1,10000000.0,107,147764.0,201103341,3379016481.23,2017-02-25,14,2,3,6,2
17020,16,21,24,27,28,4,7,10,11153296.0,200,86617.0,181168570,3350612688.41,2017-02-22,5,3,3,1,3
17019,2,6,14,23,25,2,10,16,10035380.0,73,233376.0,182158151,3371542925.43,2017-02-20,4,8,9,2,8
17018,6,7,10,17,23,1,9,2,10000000.0,72,277062.0,200875000,3418876151.69,2017-02-18,1,3,7,6,8
17017,4,19,24,26,29,4,6,3,10000000.0,81,199923.0,182067186,3392699037.94,2017-02-15,15,5,2,3,2
17016,3,13,28,30,33,9,10,3,10000000.0,104,155603.0,181455349,3382818218.33,2017-02-13,10,15,2,3,1
17015,1,7,19,27,34,1,2,3,10000000.0,107,179856.0,196382532,3373917243.82,2017-02-11,6,12,8,7,1
17014,4,8,15,24,25,2,5,2,16000000.0,86,190531.0,173798704,3358297383.31,2017-02-08,4,7,9,1,3
17013,5,12,17,30,34,11,12,2,16000000.0,59,306603.0,176214923,3335198533.34,2017-02-06,7,5,13,4,1
17012,4,5,24,26,35,7,12,4,16000000.0,62,301795.0,199177937,3309200241.64,2017-02-04,1,19,2,9,5
17011,5,15,21,29,34,6,9,7,12406372.0,65,225568.0,193935932,3296873997.29,2017-01-25,10,6,8,5,3
17010,4,10,13,18,35,1,2,13,10850174.0,48,361385.0,185249696,3305544582.53,2017-01-23,6,3,5,17,1
17009,5,6,8,12,22,3,4,1,10000000.0,95,197542.0,203513636,3334512408.5,2017-01-21,1,2,4,10,1
17008,3,4,9,25,32,2,4,4,16000000.0,73,294145.0,184148162,3299550616.02,2017-01-18,1,5,16,7,2
17007,8,11,17,25,27,2,4,3,10000000.0,72,262312.0,185767086,3283292218.98,2017-01-16,3,6,8,2,2
17006,4,6,23,32,33,5,6,13,6247111.0,147,101790.0,206891305,3269026898.62,2017-01-14,2,17,9,1,1
17005,5,9,20,26,35,2,11,0,0.0,94,199627.0,188095935,3313392877.03,2017-01-11,4,11,6,9,9
17004,5,8,11,28,31,6,7,4,8648787.0,115,118158.0,186673580,3269100289.67,2017-01-09,3,3,17,3,1
17003,3,5,6,13,22,9,12,3,16000000.0,53,338228.0,206276983,3270524644.52,2017-01-07,2,1,7,9,3
17002,7,12,14,31,34,9,11,1,10000000.0,126,151252.0,192781724,3252308112.02,2017-01-04,5,2,17,3,2
17001,7,9,20,31,33,8,10,8,6898280.0,110,130446.0,186624920,3214884037.2,2017-01-02,2,11,11,2,2
16154,6,16,17,21,29,4,6,15,10767995.0,141,161676.0,226398958,3235556086.6,2016-12-31,10,1,4,8,2
16153,13,18,25,29,35,3,11,0,0.0,80,256608.0,196228015,3271932474.53,2016-12-28,5,7,4,6,8
16152,8,17,22,24,30,5,11,4,15830752.0,106,150163.0,194727932,3224085510.27,2016-12-26,9,5,2,6,6
16151,4,7,11,14,21,5,12,8,12422718.0,124,142892.0,219111783,3219661079.76,2016-12-24,3,4,3,7,7
16150,1,10,18,24,29,7,10,125,8004544.0,3034,24000.0,188065956,3229738187.76,2016-12-21,9,8,6,5,3
16149,1,2,3,12,33,4,9,3,16000000.0,128,117760.0,189963373,3816313703.68,2016-12-19,1,1,9,21,5
16148,5,14,15,23,25,6,8,3,10000000.0,88,217699.0,210580973,3806985330.35,2016-12-17,9,1,8,2,2
16147,7,19,20,28,30,4,12,31,8569886.0,535,24000.0,186538144,3791177687.77,2016-12-14,12,1,8,2,8
16146,21,22,25,29,34,1,11,5,15004529.0,63,291942.0,191944792,3915756735.85,2016-12-12,1,3,4,5,10
16145,1,9,11,17,28,3,8,4,8669836.0,395,39224.0,209502660,3913126519.29,2016-12-10,8,2,6,11,5
16144,4,5,13,22,31,5,10,3,10000000.0,92,181456.0,191810527,3914443711.99,2016-12-07,1,8,9,9,5
16143,4,6,22,27,31,6,7,4,16000000.0,74,232116.0,188839857,3904182884.57,2016-12-05,2,16,5,4,1
16142,1,6,17,23,26,6,12,1,10000000.0,66,329649.0,208883904,3899078594.62,2016-12-03,5,11,6,3,6
16141,2,6,7,19,28,11,12,4,16000000.0,107,168625.0,193465971,3857570669.9,2016-11-30,4,1,12,9,1
16140,12,16,23,29,34,4,11,9,7220551.0,149,126569.0,188081802,3845393921.81,2016-11-28,4,7,6,5,7
16139,13,21,30,31,35,1,8,1,10000000.0,58,360700.0,200772078,3864958511.07,2016-11-26,8,9,1,4,7
16138,12,13,16,29,35,5,11,3,16000000.0,54,362148.0,179140283,3826489199.9,2016-11-23,1,3,13,6,6
16137,7,20,23,29,34,2,10,2,10000000.0,77,190817.0,181006344,3807220445.9,2016-11-21,13,3,6,5,8
16136,5,6,7,19,23,4,11,2,10000000.0,817,24230.0,204254202,3791740200.73,2016-11-19,1,1,12,4,7
16135,1,10,12,18,35,1,12,2,10000000.0,66,296353.0,187947049,3770081323.99,2016-11-16,9,2,6,17,11
16134,1,3,31,32,34,2,7,3,10000000.0,78,261496.0,185722161,3741306383.48,2016-11-14,2,28,1,2,5
16133,1,4,5,23,28,5,9,6,13929696.0,48,382244.0,203224114,3724999633.06,2016-11-12,3,1,18,5,4
16132,4,18,19,22,35,1,2,3,16000000.0,51,389737.0,180524624,3726472243.16,2016-11-09,14,1,3,13,1
16131,6,13,25,28,30,2,7,8,11334374.0,127,117128.0,172418049,3705987913.84,2016-11-07,7,12,3,2,5
16130,11,23,32,33,34,1,12,10,7114758.0,88,235408.0,200057806,3722891036.08,2016-11-05,12,9,1,1,11
16129,7,8,19,30,35,8,9,4,15509480.0,117,138328.0,180262598,3745975912.37,2016-11-02,1,11,11,5,1
16128,17,20,22,30,33,7,8,5,8206736.0,110,138819.0,178307590,3742471490.1,2016-10-31,3,2,8,3,1
16127,1,5,15,24,26,9,10,3,16000000.0,31,589156.0,192473077,3747064984.52,2016-10-29,4,10,9,2,1
16126,11,13,16,19,24,6,8,5,14310212.0,65,273924.0,176733833,3727343868.72,2016-10-26,2,3,3,5,2
16125,6,7,8,28,30,1,2,1,10000000.0,117,168254.0,179128075,3727254222.34,2016-10-24,1,1,20,2,1
16124,4,13,24,26,29,8,11,0,0.0,47,373145.0,191410193,3693174707.28,2016-10-22,9,11,2,3,3
16123,4,5,13,20,32,1,10,0,0.0,88,223827.0,179976965,3651778795.1,2016-10-19,1,8,7,12,9
16122,1,3,12,14,29,2,6,0,0.0,51,367700.0,178700027,3603748957.96,2016-10-17,2,9,2,15,4
16121,4,5,8,15,20,1,6,6,12977569.0,79,204907.0,196550154,3559509834.29,2016-10-15,1,3,7,5,5
16120,3,10,20,32,34,4,7,5,8218445.0,56,272172.0,177521772,3565337019.44,2016-10-12,7,10,12,2,3
16119,2,3,9,21,22,5,10,5,13717512.0,105,140368.0,175765163,3569855994.48,2016-10-10,1,6,12,1,5
16118,12,15,18,24,29,3,11,3,16000000.0,166,105388.0,195629351,3571935089.08,2016-10-08,3,3,6,5,8
16117,3,9,14,16,23,2,9,6,12283131.0,44,320660.0,159626154,3557096623.84,2016-10-05,6,5,2,7,7
16116,4,6,8,19,34,10,12,2,10000000.0,28,571401.0,157717027,3566017216.24,2016-10-03,2,2,11,15,2
16115,1,4,15,31,34,2,11,0,0.0,50,366782.0,188778020,3547923720.07,2016-10-01,3,11,16,3,9
16114,16,17,20,32,33,3,7,7,11932942.0,40,384744.0,173340048,3502839877.72,2016-09-28,1,3,12,1,4
16113,10,11,17,30,34,3,12,3,10000000.0,76,239670.0,177637883,3515191923.33,2016-09-26,1,6,13,4,9
16112,7,22,23,31,32,4,5,1,10000000.0,95,209528.0,199351193,3502750201.33,2016-09-24,15,1,8,1,1
16111,4,9,22,26,27,2,12,2,16000000.0,127,138540.0,181731808,3467679525.4,2016-09-21,5,13,4,1,10
16110,7,20,21,23,30,7,10,9,10835396.0,101,148776.0,179311987,3442910758.46,2016-09-19,13,1,2,7,3
16109,3,25,28,31,34,11,12,2,10000000.0,65,317982.0,193626665,3466514047.74,2016-09-17,22,3,3,3,1
16108,10,17,22,23,25,7,9,9,10467696.0,157,81275.0,173106306,3437657318.35,2016-09-14,7,5,1,2,2
16107,2,6,19,24,26,4,6,13,10571400.0,59,280515.0,174509999,3462561196.64,2016-09-12,4,13,5,2,2
16106,3,21,30,33,35,1,4,9,11699908.0,218,84449.0,191510252,3493879603.26,2016-09-10,18,9,3,2,3
16105,8,11,31,34,35,1,2,1,10000000.0,65,277408.0,175645150,3509923337.4,2016-09-07,3,20,3,1,1
16104,1,20,22,23,30,6,7,3,10000000.0,59,314137.0,176312231,3475855899.77,2016-09-05,19,2,1,7,1
16103,5,14,20,23,29,3,11,3,10000000.0,107,172475.0,196977631,3461843842.38,2016-09-03,9,6,3,6,8
16102,3,5,6,34,35,3,12,0,0.0,77,248860.0,177794219,3449353717.99,2016-08-31,2,1,28,1,9
16101,4,6,28,33,35,7,12,1,10000000.0,29,607072.0,176690621,3405154941.26,2016-08-29,2,22,5,2,5
16100,8,12,19,26,30,2,12,1,10000000.0,173,107616.0,194558808,3372470173.04,2016-08-27,4,7,7,4,10
16099,3,4,12,14,27,1,5,2,16000000.0,48,366980.0,176499869,3337125371.1,2016-08-24,1,8,2,13,4
16098,8,9,11,20,29,4,5,6,12209577.0,152,90728.0,174126611,3309928561.74,2016-08-22,1,2,9,9,1
16097,6,8,18,31,33,10,12,1,10000000.0,70,292112.0,194470665,3318516210.7,2016-08-20,2,10,13,2,2
16096,1,6,8,12,21,5,10,10,11648435.0,92,198014.0,176201944,3279830818.81,2016-08-17,5,2,4,9,5
16095,8,12,18,19,21,3,6,4,15646518.0,132,114660.0,172149445,3296613494.39,2016-08-15,4,6,1,2,3
16094,1,14,16,17,18,5,7,8,12242342.0,70,289249.0,193668600,3293149626.85,2016-08-13,13,2,1,1,2
16093,1,8,14,30,35,6,7,5,8033290.0,132,109569.0,174774485,3305502727.35,2016-08-10,7,6,16,5,1
16092,2,13,31,33,34,7,11,2,10000000.0,66,275550.0,175425164,3311199962.86,2016-08-08,11,18,2,1,4
16091,8,13,17,21,22,2,8,3,10000000.0,60,308907.0,194108585,3290154296.34,2016-08-06,5,4,4,1,6
16090,4,6,8,28,32,7,12,1,10000000.0,46,364913.0,177705779,3277357768.85,2016-08-03,2,2,20,4,5
16089,7,14,17,28,34,7,10,0,0.0,72,229720.0,173986818,3245924700.07,2016-08-01,7,3,11,6,3
16088,4,6,17,21,30,6,11,1,10000000.0,62,251804.0,191906681,3206441463.20,2016-07-30,2,11,4,9,5
16087,3,16,17,23,25,7,9,3,16000000.0,75,221832.0,173941407,3178408229.18,2016-07-27,13,1,6,2,2
16086,3,5,22,25,30,7,9,3,16000000.0,60,262100.0,170252092,3165240870.86,2016-07-25,2,17,3,5,2
16085,14,15,27,31,32,1,7,51,8568721.0,145,121816.0,188292705,3154382762.05,2016-07-23,1,12,4,1,6
16084,8,12,15,26,35,1,8,0,0.0,45,390718.0,168397590,3379034576.21,2016-07-20,4,3,11,9,7
16083,1,5,9,33,35,1,5,8,11317483.0,132,114286.0,172863465,3337317109.38,2016-07-18,4,4,24,2,4
16082,3,8,23,28,29,2,7,7,12273441.0,106,163662.0,189939641,3354316977.49,2016-07-16,5,15,5,1,5
16081,6,7,18,21,33,3,8,1,10000000.0,112,150588.0,171324058,3364881401.67,2016-07-13,1,11,3,12,5
16080,15,20,29,30,33,7,12,4,9120909.0,76,214072.0,173241722,3336763346,2016-07-11,5,9,1,3,5
16079,7,14,15,20,27,5,10,3,16000000.0,84,233299.0,192640889,3335784172.26,2016-07-09,7,1,5,7,5
16078,7,18,29,31,35,5,11,2,16000000.0,79,240966.0,176031216,3316339129.30,2016-07-06,11,11,2,4,6
16077,9,11,14,16,35,2,5,1,10000000.0,29,579313.0,- -,- -,2016-07-04,2,3,2,19,3
16076,3,8,10,17,31,5,6,4,9767946.0,66,277406.0,- -,- -,2016-07-02,5,2,7,14,1
16075,3,7,17,22,31,8,12,5,14809966.0,73,261265.0,- -,- -,2016-06-29,4,10,5,9,4
16074,1,5,7,11,14,3,8,0,0.0,34,492985.0,- -,- -,2016-06-27,4,2,4,3,5
16073,7,14,17,24,27,8,10,12,10588676.0,304,56731.0,- -,- -,2016-06-25,7,3,7,3,2
16072,16,20,24,26,31,4,9,2,10000000.0,49,313729.0,- -,- -,2016-06-22,4,4,2,5,5
16071,8,15,19,20,33,7,12,0,0.0,120,144281.0,- -,- -,2016-06-20,7,4,1,13,5
16070,2,9,13,19,23,5,7,3,16000000.0,80,247769.0,- -,- -,2016-06-18,7,4,6,4,2
16069,14,17,19,23,30,2,9,0,0.0,60,276630.0,- -,- -,2016-06-15,3,2,4,7,7
16068,5,7,22,26,34,7,12,2,10000000.0,96,168107.0,- -,- -,2016-06-13,2,15,4,8,5
16067,2,8,11,13,19,2,8,9,10935081.0,75,189161.0,- -,- -,2016-06-11,6,3,2,6,6
16066,10,28,29,31,33,5,11,2,10000000.0,49,349166.0,- -,- -,2016-06-08,18,1,2,2,6
16065,1,9,18,22,24,11,12,3,16000000.0,55,361448.0,- -,- -,2016-06-06,8,9,4,2,1
16064,1,2,10,18,35,5,11,1,10000000.0,124,189225.0,- -,- -,2016-06-04,1,8,8,17,6
16063,8,12,22,27,35,5,9,26,9345376.0,88,198436.0,- -,- -,2016-06-01,4,10,5,8,4
16062,2,10,14,15,35,1,9,1,10000000.0,97,217179.0,- -,- -,2016-05-30,8,4,1,20,8
16061,9,15,17,21,23,7,12,4,16000000.0,75,307673.0,- -,- -,2016-05-28,6,2,4,2,5
16060,2,6,22,27,34,8,11,2,16000000.0,35,641275.0,- -,- -,2016-05-25,4,16,5,7,3
16059,2,10,27,28,33,5,7,2,10000000.0,95,229070.0,- -,- -,2016-05-23,8,17,1,5,2
16058,2,15,17,23,28,5,9,6,15569665.0,62,400564.0,- -,- -,2016-05-21,13,2,6,5,4
16057,8,17,19,23,30,3,8,11,11204219.0,130,142611.0,- -,- -,2016-05-18,9,2,4,7,5
16056,10,12,14,31,35,4,5,3,10000000.0,133,158891.0,- -,- -,2016-05-16,2,2,17,4,1
16055,6,21,27,30,34,4,9,1,10000000.0,82,252923.0,- -,- -,2016-05-14,15,6,3,4,5
16054,2,5,9,21,30,6,7,1,10000000.0,86,226825.0,- -,- -,2016-05-11,3,4,12,9,1
16053,4,13,15,30,35,3,5,0,0.0,55,371633.0,- -,- -,2016-05-09,9,2,15,5,2
16052,8,14,19,20,33,10,11,5,15883462.0,247,84156.0,- -,- -,2016-05-07,6,5,1,13,1
16051,16,21,23,24,32,7,8,2,16000000.0,42,515118.0,- -,- -,2016-05-04,5,2,1,8,1
16050,7,17,21,29,35,4,5,0,0.0,66,319089.0,- -,- -,2016-05-02,10,4,8,6,1
16049,3,4,5,27,33,4,9,4,16000000.0,50,495625.0,- -,- -,2016-04-30,1,1,22,6,5
16048,4,12,17,25,27,4,10,9,10945760.0,644,24764.0,- -,- -,2016-04-27,8,5,8,2,6
16047,2,3,23,29,32,5,9,4,16000000.0,85,242936.0,- -,- -,2016-04-25,1,20,6,3,4
16046,3,19,22,32,34,8,12,1,10000000.0,81,336131.0,- -,- -,2016-04-23,16,3,10,2,4
16045,7,11,25,30,33,2,8,3,16000000.0,118,135424.0,- -,- -,2016-04-20,4,14,5,3,6
16044,1,6,10,20,31,5,11,1,10000000.0,64,352270.0,- -,- -,2016-04-18,5,4,10,11,6
16043,1,9,16,33,34,9,12,2,10000000.0,79,321046.0,- -,- -,2016-04-16,8,7,17,1,3
16042,2,6,8,19,24,1,6,7,14027291.0,51,490910.0,- -,- -,2016-04-13,4,2,11,5,5
16041,12,23,24,27,34,3,6,6,13259153.0,71,228086.0,- -,- -,2016-04-11,11,1,3,7,3
16040,20,22,29,30,35,1,6,2,10000000.0,118,157745.0,- -,- -,2016-04-09,2,7,1,5,5
16039,1,8,16,22,28,4,5,1,10000000.0,163,90622.0,- -,- -,2016-04-06,7,8,6,6,1
16038,3,7,9,15,33,5,12,1,10000000.0,34,464680.0,- -,- -,2016-04-04,4,2,6,18,7
16037,3,5,13,24,34,3,5,4,9893072.0,45,400968.0,- -,- -,2016-04-02,2,8,11,10,2
16036,7,15,26,30,31,3,6,2,10000000.0,89,178392.0,- -,- -,2016-03-30,8,11,4,1,3
16035,17,22,24,25,29,9,12,0,0.0,38,430904.0,- -,- -,2016-03-28,5,2,1,4,3
16034,14,18,31,32,35,9,10,3,10000000.0,47,421737.0,- -,- -,2016-03-26,4,13,1,3,1
16033,3,14,15,31,35,9,10,2,10000000.0,69,235814.0,- -,- -,2016-03-23,11,1,16,4,1
16032,5,9,14,20,33,5,12,3,16000000.0,66,259068.0,- -,- -,2016-03-21,4,5,6,13,7
16031,3,14,24,27,29,4,11,4,16000000.0,76,251734.0,- -,- -,2016-03-19,11,10,3,2,7
16030,10,19,21,29,33,4,6,8,11707084.0,78,187840.0,- -,- -,2016-03-16,9,2,8,4,2
16029,20,26,27,29,32,5,12,4,13134384.0,57,191673.0,- -,- -,2016-03-14,6,1,2,3,7
16028,13,18,20,23,31,3,6,2,10000000.0,50,340400.0,- -,- -,2016-03-12,5,2,3,8,3
16027,6,11,13,15,28,2,6,1,10000000.0,46,320617.0,- -,- -,2016-03-09,5,2,2,13,4
16026,2,6,29,30,34,1,7,2,10000000.0,38,458092.0,- -,- -,2016-03-07,4,23,1,4,6
16025,3,6,13,23,24,7,10,8,10907974.0,136,96904.0,- -,- -,2016-03-05,3,7,10,1,3
16024,1,2,11,15,18,4,8,3,10000000.0,36,469473.0,- -,- -,2016-03-02,1,9,4,3,4
16023,4,9,14,25,27,6,11,4,15968846.0,42,391196.0,- -,- -,2016-02-29,5,5,11,2,5
16022,4,18,21,30,35,2,11,7,13316182.0,74,274059.0,- -,- -,2016-02-27,14,3,9,5,9
16021,1,4,9,10,35,9,11,4,16000000.0,28,691673.0,- -,- -,2016-02-24,3,5,1,25,2
16020,1,16,22,29,30,2,9,3,10000000.0,64,271272.0,- -,- -,2016-02-22,15,6,7,1,7
16019,4,11,15,20,26,8,9,5,13601558.0,153,103192.0,- -,- -,2016-02-20,7,4,5,6,1
16018,5,10,13,27,33,8,11,10,10553508.0,130,121113.0,- -,- -,2016-02-17,5,3,14,6,3
16017,11,18,24,28,29,5,10,1,10000000.0,43,325308.0,- -,- -,2016-02-15,7,6,4,1,5
16016,3,10,22,29,32,2,5,0,0.0,148,156416.0,- -,- -,2016-02-06,7,12,7,3,3
16015,1,4,10,13,30,3,9,1,10000000.0,66,201728.0,- -,- -,2016-02-03,3,6,3,17,6
16014,6,8,21,24,27,2,10,1,10000000.0,46,349414.0,- -,- -,2016-02-01,2,13,3,3,8
16013,3,21,23,31,35,2,11,5,15330371.0,51,394689.0,- -,- -,2016-01-30,18,2,8,4,9
16012,5,7,11,23,28,3,12,4,15884392.0,88,193524.0,- -,- -,2016-01-27,2,4,12,5,9
16011,2,8,10,15,23,5,10,5,13528988.0,63,243380.0,- -,- -,2016-01-25,6,2,5,8,5
16010,12,13,15,16,28,2,5,7,12713865.0,43,439635.0,- -,- -,2016-01-23,1,2,1,12,3
16009,5,8,10,17,20,2,12,3,16000000.0,84,204756.0,- -,- -,2016-01-20,3,2,7,3,10
16008,5,12,31,34,35,4,5,4,14177916.0,98,135998.0,- -,- -,2016-01-18,7,19,3,1,1
16007,2,5,14,32,35,1,3,0,0.0,42,486382.0,- -,- -,2016-01-16,3,9,18,3,2
16006,14,16,17,22,24,2,9,6,14411532.0,38,476889.0,- -,- -,2016-01-13,2,1,5,2,7
16005,6,9,12,15,20,8,11,8,11074308.0,207,69628.0,- -,- -,2016-01-11,3,3,3,5,3
16004,10,20,23,32,35,9,10,1,10000000.0,58,354545.0,- -,- -,2016-01-09,10,3,9,3,1
16003,4,12,17,22,26,6,7,5,14063243.0,75,202481.0,- -,- -,2016-01-06,8,5,5,4,1
16002,7,12,18,25,35,7,9,2,10000000.0,138,121609.0,- -,- -,2016-01-04,5,6,7,10,2
16001,1,7,19,20,30,5,10,0,0.0,103,145441.0,- -,- -,2016-01-02,6,12,1,10,5
15153,1,7,22,27,33,2,11,5,15736289.0,66,293428.0,- -,- -,2015-12-30,6,15,5,6,9
15152,4,5,22,29,35,2,11,1,10000000.0,40,432611.0,- -,- -,2015-12-28,1,17,7,6,9
15151,15,16,18,30,35,1,7,3,16000000.0,63,310822.0,- -,2137475851,2015-12-26,1,2,12,5,6
15150,4,13,18,25,33,3,7,4,8586173.0,70,192008.0,- -,2118309429,2015-12-23,9,5,7,8,4
15149,4,6,10,12,28,2,8,1,10000000.0,55,306518.0,- -,2120052540,2015-12-21,2,4,2,16,6
15148,8,11,27,31,33,8,9,6,13261241.0,45,332726.0,- -,2090620190,2015-12-19,3,16,4,2,1
15147,1,2,13,18,19,8,10,0,0.0,265,62625.0,- -,2094531807,2015-12-16,1,11,5,1,2
15146,4,15,19,27,31,4,11,8,7328084.0,82,219651.0,- -,2058880835,2015-12-14,11,4,8,4,7
15145,6,7,20,29,32,11,12,0,0.0,81,230057.0,- -,2075176701,2015-12-12,1,13,9,3,1
15144,1,9,24,26,29,6,11,8,11560904.0,67,227761.0,- -,2031681187,2015-12-09,8,15,2,3,5
15143,9,20,31,33,35,10,11,0,0.0,49,351006.0,- -,2047286906,2015-12-07,11,11,2,2,1
15142,12,14,22,26,30,3,6,2,16000000.0,44,378558.0,- -,2006518972,2015-12-05,2,8,4,4,3
15141,2,4,15,19,31,2,3,2,10000000.0,47,343340.0,- -,1982691329,2015-12-02,2,11,4,12,1
15140,1,11,15,26,35,6,11,2,10000000.0,46,325395.0,- -,1964244295,2015-11-30,10,4,11,9,5
15139,2,3,5,25,32,5,7,5,15413420.0,67,273044.0,- -,1947298377,2015-11-28,1,2,20,7,2
15138,1,16,20,29,32,4,7,1,10000000.0,23,733993.0,- -,1943530802,2015-11-25,15,4,9,3,3
15137,14,17,21,23,26,8,11,7,10670294.0,190,53643.0,- -,1912625918,2015-11-23,3,4,2,3,3
15136,5,20,23,29,32,2,10,0,0.0,39,501609.0,- -,1931606870,2015-11-21,15,3,6,3,8
15135,5,16,20,25,29,6,8,4,13321753.0,69,164825.0,- -,1885887140,2015-11-18,11,4,5,4,2
15134,1,2,6,15,35,4,7,1,10000000.0,53,266120.0,- -,1888647564,2015-11-16,1,4,9,20,3
15133,3,7,8,25,30,4,8,2,10000000.0,95,172078.0,- -,1864412215,2015-11-14,4,1,17,5,4
15132,3,8,14,18,27,1,5,7,11548700.0,103,123371.0,- -,1847218046,2015-11-11,5,6,4,9,4
15131,11,17,19,20,27,2,3,1,10000000.0,40,414201.0,- -,1859845621,2015-11-09,6,2,1,7,1
15130,17,25,31,32,34,2,12,0,0.0,46,359254.0,- -,1829288227,2015-11-07,8,6,1,2,10
15129,1,6,23,25,29,3,9,0,0.0,72,259547.0,- -,1787749312,2015-11-04,5,17,2,4,6
15128,10,12,23,30,32,3,4,0,0.0,71,224886.0,- -,1745843042,2015-11-02,2,11,7,2,1
15127,9,11,14,19,30,3,8,2,10000000.0,69,240667.0,- -,1707307787,2015-10-31,2,3,5,11,5
15126,4,5,8,9,21,3,6,3,16000000.0,52,309878.0,- -,1688575292,2015-10-28,1,3,1,12,3
15125,2,3,15,17,28,8,10,0,0.0,81,165614.0,- -,1676808840,2015-10-26,1,12,2,11,2
15124,4,6,12,31,32,3,6,2,16000000.0,63,293062.0,- -,1644462021,2015-10-24,2,6,19,1,3
15123,4,15,27,29,30,2,10,2,10000000.0,37,447854.0,- -,1617571033,2015-10-21,11,12,2,1,8
15122,11,13,15,26,35,6,11,2,16000000.0,48,356662.0,- -,1598150469,2015-10-19,2,2,11,9,5
15121,2,4,17,27,28,4,6,1,10000000.0,89,198684.0,- -,1574025843,2015-10-17,2,13,10,1,2
15120,1,9,15,24,32,5,10,17,8457657.0,186,24000.0,- -,1542943366,2015-10-14,8,6,9,8,5
15119,1,8,12,16,21,6,11,2,10000000.0,88,159107.0,- -,1612482645,2015-10-12,7,4,4,5,5
15118,3,7,20,24,31,4,9,1,10000000.0,39,375340.0,- -,1598506448,2015-10-10,4,13,4,7,5
15117,6,17,20,30,33,10,11,1,10000000.0,32,452208.0,- -,1571949674,2015-10-07,11,3,10,3,1
15116,7,10,19,24,33,3,7,1,10000000.0,150,91708.0,- -,1546620811,2015-10-05,3,9,5,9,4
15115,8,12,13,14,16,3,9,2,10000000.0,64,212792.0,- -,1524904832,2015-10-03,4,1,1,2,6
15114,9,18,24,31,34,2,10,2,10000000.0,37,459859.0,- -,1512320825,2015-09-30,9,6,7,3,8
15113,1,14,21,29,33,2,10,1,10000000.0,69,213083.0,- -,1491364543,2015-09-28,13,7,8,4,8
15112,4,5,15,19,28,4,11,12,6132899.0,100,133609.0,- -,1466183380,2015-09-26,1,10,4,9,7
15111,7,8,16,24,28,3,10,2,16000000.0,54,233107.0,- -,1508880896,2015-09-23,1,8,8,4,7
15110,2,7,10,22,30,7,11,5,14074110.0,107,145860.0,- -,1495014019,2015-09-21,5,3,12,8,4
15109,1,6,11,22,31,3,12,1,10000000.0,40,467372.0,- -,1495720964,2015-09-19,5,5,11,9,9
15108,1,13,16,26,31,7,12,1,10000000.0,41,400742.0,- -,1462391575,2015-09-16,12,3,10,5,5
15107,3,23,25,28,29,6,7,3,15489760.0,101,118811.0,- -,1433360911,2015-09-14,20,2,3,1,1
15106,2,11,13,22,30,2,3,3,10000000.0,95,174686.0,- -,1430870722,2015-09-12,9,2,9,8,1
15105,8,9,15,21,27,5,9,12,10008848.0,103,122008.0,- -,1420929062,2015-09-09,1,6,6,6,4
15104,16,19,25,30,34,4,9,4,9165291.0,43,372836.0,- -,1456310407,2015-09-07,3,6,5,4,5
15103,7,9,15,25,34,4,10,5,13151544.0,63,231643.0,- -,1455105281,2015-09-05,2,6,10,9,6
15102,11,14,15,33,34,3,12,3,10000000.0,51,318057.0,- -,1459255310,2015-09-02,3,1,18,1,9
15101,6,12,17,18,32,7,12,3,16000000.0,88,181022.0,- -,1449994950,2015-08-31,6,5,1,14,5
15100,9,15,18,23,32,5,7,0,0.0,83,191860.0,- -,1439790281,2015-08-29,6,3,5,9,2
15099,9,12,14,22,25,5,10,1,10000000.0,80,190049.0,- -,1401717848,2015-08-26,3,2,8,3,5
15098,9,14,21,27,33,6,9,5,7392129.0,162,71299.0,- -,1376083288,2015-08-24,5,7,6,6,3
15097,4,16,17,26,27,1,4,15,9592756.0,396,32737.0,- -,1385860648,2015-08-22,12,1,9,1,3
15096,3,9,12,18,21,2,6,5,12958491.0,106,132353.0,- -,1435883288,2015-08-19,6,3,6,3,4
15095,8,14,26,34,35,5,10,2,10000000.0,73,152489.0,- -,1440739717,2015-08-17,6,12,8,1,5
15094,2,3,10,11,29,3,7,9,11598428.0,69,226238.0,- -,1435245222,2015-08-15,1,7,1,18,4
15093,16,17,25,26,27,2,4,3,8805364.0,130,85888.0,- -,1451063553,2015-08-12,1,8,1,1,2
15092,2,14,21,27,34,5,8,3,16000000.0,52,271480.0,- -,1451533975,2015-08-10,12,7,6,7,3
15091,2,7,28,29,30,3,7,20,9123601.0,116,97134.0,- -,1443881668,2015-08-08,5,21,1,1,4
15090,6,9,11,17,21,6,8,5,12863096.0,99,135878.0,- -,1512866237,2015-08-05,3,2,6,4,2
15089,5,12,18,20,27,10,12,0,0.0,69,204753.0,- -,1518071721,2015-08-03,7,6,2,7,2
15088,5,15,28,31,34,11,12,4,16000000.0,31,609924.0,- -,1483412687,2015-08-01,10,13,3,3,1
15087,2,5,15,17,22,1,11,4,16000000.0,39,418603.0,- -,1470621295,2015-07-29,3,10,2,5,10
15086,5,9,11,15,32,4,9,2,9941256.0,65,145196.0,- -,1464467336,2015-07-27,4,2,4,17,5
15085,2,3,4,6,16,3,12,1,10000000.0,57,338672.0,- -,1461889590,2015-07-25,1,1,2,10,9
15084,10,20,21,32,34,6,7,2,10000000.0,78,180662.0,- -,1426556903,2015-07-22,10,1,11,2,1
15083,14,16,19,25,29,10,12,1,10000000.0,34,453000.0,- -,1413999921,2015-07-20,2,3,6,4,2
15082,8,15,28,31,33,3,6,0,0.0,84,153472.0,- -,1386721781,2015-07-18,7,13,3,2,3
15081,3,4,10,13,17,5,9,3,9998951.0,34,414182.0,- -,1354908004,2015-07-15,1,6,3,4,4
15080,14,20,29,30,32,3,8,22,8316622.0,135,29016.0,- -,1350821094,2015-07-13,6,9,1,2,5
15079,1,9,17,23,24,4,5,4,16000000.0,63,296459.0,- -,1449582407,2015-07-11,8,8,6,1,1
15078,19,24,26,28,33,1,2,2,16000000.0,41,460936.0,- -,1439120707,2015-07-08,5,2,2,5,1
15077,1,16,17,22,28,2,9,3,9859169.0,114,133076.0,- -,1410707518,2015-07-06,15,1,5,6,7
15076,3,19,21,31,34,5,12,4,16000000.0,45,399025.0,- -,1407154321,2015-07-04,16,2,10,3,7
15075,13,14,26,27,33,10,12,1,10000000.0,40,444640.0,- -,1400549959,2015-07-01,1,12,1,6,2
15074,1,12,21,27,33,4,9,0,0.0,36,495459.0,- -,1369791223,2015-06-29,11,9,6,6,5
15073,9,26,27,30,34,1,6,5,14034668.0,56,298060.0,- -,1328502863,2015-06-27,17,1,3,4,5
15072,19,20,21,31,33,9,10,27,8801888.0,317,35027.0,- -,1329421453,2015-06-24,1,1,10,2,1
15071,4,6,13,16,34,4,10,2,10000000.0,79,200345.0,- -,1431495361,2015-06-22,2,7,3,18,6
15070,3,9,12,17,18,4,12,1,10000000.0,69,260179.0,- -,1414660916,2015-06-20,6,3,5,1,8
15069,2,9,11,22,25,1,7,8,10835844.0,163,80628.0,- -,1381432966,2015-06-17,7,2,11,3,6
15068,2,3,20,31,35,4,8,4,16000000.0,34,557182.0,- -,1402288984,2015-06-15,1,17,11,4,4
15067,4,10,18,24,27,4,11,8,11849382.0,107,161185.0,- -,1393017834,2015-06-13,6,8,6,3,7
15066,1,3,7,13,29,2,10,1,10000000.0,43,443788.0,- -,1407746553,2015-06-10,2,4,6,16,8
15065,4,5,7,13,35,8,11,3,16000000.0,65,256606.0,- -,1371749617,2015-06-08,1,2,6,22,3
15064,2,8,20,28,31,7,10,4,15484686.0,76,206420.0,- -,1358857647,2015-06-06,6,12,8,3,3
15063,1,4,6,34,35,2,4,0,0.0,44,417580.0,- -,1355424220,2015-06-03,3,2,28,1,2
15062,6,7,13,14,15,1,4,1,10000000.0,71,250451.0,- -,1309316213,2015-06-01,1,6,1,1,3
15061,6,7,8,16,22,2,10,6,12832513.0,86,189244.0,- -,1275356607,2015-05-30,1,1,8,6,8
15060,16,24,25,26,33,4,11,7,7205019.0,80,183024.0,- -,1281829945,2015-05-27,8,1,1,7,7
15059,7,9,19,23,32,1,3,2,16000000.0,114,163078.0,- -,1297185227,2015-05-25,2,10,4,9,2
15058,10,14,20,27,30,7,12,1,10000000.0,44,418108.0,- -,1272415378,2015-05-23,4,6,7,3,5
15057,1,5,7,14,26,4,6,0,0.0,54,289233.0,- -,1239297755,2015-05-20,4,2,7,12,2
15056,6,12,19,26,35,3,10,7,12837408.0,56,317038.0,- -,1203143440,2015-05-18,6,7,7,9,7
15055,6,11,14,20,30,5,10,11,9971216.0,118,102688.0,- -,1210286220,2015-05-16,5,3,6,10,5
15054,2,9,15,24,34,3,9,10,11029534.0,114,134148.0,- -,1245292482,2015-05-13,7,6,9,10,6
15053,8,25,28,29,32,4,7,4,15246524.0,79,193862.0,- -,1268085740,2015-05-11,17,3,1,3,3
15052,13,19,24,27,29,7,8,2,16000000.0,94,193838.0,- -,1265334320,2015-05-09,6,5,3,2,1
15051,1,2,11,16,21,1,5,2,10000000.0,119,154164.0,- -,1237114602,2015-05-06,1,9,5,5,4
15050,6,7,10,20,28,2,7,3,8749315.0,369,31241.0,- -,1214317771,2015-05-04,1,3,10,8,5
15049,8,9,11,15,22,8,10,3,16000000.0,61,277060.0,- -,1215002201,2015-05-02,1,2,4,7,2
15048,10,11,22,24,33,2,9,6,12459134.0,50,270249.0,- -,1201607522,2015-04-29,1,11,2,9,7
15047,1,2,17,23,31,5,12,3,16000000.0,114,145049.0,- -,1209162913,2015-04-27,1,15,6,8,7
15046,5,7,10,22,26,4,10,12,9743358.0,178,62166.0,- -,1197238200,2015-04-25,2,3,12,4,6
15045,8,9,22,29,30,8,12,4,14050942.0,287,47337.0,- -,1236261155,2015-04-22,1,13,7,1,4
15044,16,18,27,31,33,1,3,0,0.0,70,202756.0,- -,1236933448,2015-04-20,2,9,4,2,2
15043,2,20,22,25,29,2,7,2,10000000.0,52,354225.0,- -,1201450734,2015-04-18,18,2,3,4,5
15042,3,7,12,17,24,2,11,6,11787798.0,95,133601.0,- -,1178648370,2015-04-15,4,5,5,7,9
15041,1,11,21,23,28,1,10,41,8636408.0,182,67862.0,- -,1189775444,2015-04-13,10,10,2,5,9
15040,2,9,10,23,35,9,12,1,10000000.0,66,233852.0,- -,1338069698,2015-04-11,7,1,13,12,3
15039,3,6,7,16,25,1,6,0,0.0,52,269963.0,- -,1310555606,2015-04-08,3,1,9,9,5
15038,12,19,22,31,35,7,8,3,16000000.0,74,191004.0,- -,1275685338,2015-04-06,7,3,9,4,1
15037,10,16,21,28,31,7,8,2,10000000.0,88,163564.0,- -,1266667677,2015-04-04,6,5,7,3,1
15036,14,18,20,23,24,4,8,1,10000000.0,39,334644.0,- -,1251569256,2015-04-01,4,2,3,1,4
15035,22,24,29,30,35,1,10,2,10000000.0,98,127396.0,- -,1230022010,2015-03-30,2,5,1,5,9
15034,4,8,15,18,26,5,9,6,12530980.0,96,159448.0,- -,1218836194,2015-03-28,4,7,3,8,4
15033,3,17,22,26,28,3,7,0,0.0,55,232273.0,- -,1226652726,2015-03-25,14,5,4,2,4
15032,6,21,25,27,30,7,11,2,10000000.0,82,160041.0,- -,1196045799,2015-03-23,15,4,2,3,4
15031,7,21,29,32,33,4,12,3,10000000.0,75,211550.0,- -,1185204347,2015-03-21,14,8,3,1,8
15030,9,18,19,26,31,2,5,1,10000000.0,102,129912.0,- -,1177191244,2015-03-18,9,1,7,5,3
15029,7,10,19,30,35,3,5,0,0.0,96,135478.0,- -,1156201713,2015-03-16,3,9,11,5,2
15028,3,9,28,32,33,9,10,5,12363772.0,136,88014.0,- -,1125436730,2015-03-14,6,19,4,1,1
15027,5,21,22,25,28,3,10,1,10000000.0,63,231032.0,- -,1132469279,2015-03-11,16,1,3,3,7
15026,11,13,14,15,22,2,8,8,10982521.0,51,257998.0,- -,1108175348,2015-03-09,2,1,1,7,6
15025,7,10,20,22,27,10,11,2,10000000.0,79,200915.0,- -,1127093621,2015-03-07,3,10,2,5,1
15024,2,6,8,16,34,3,4,0,0.0,34,437972.0,- -,1110363550,2015-03-04,4,2,8,18,1
15023,6,9,11,12,22,3,11,1,10000000.0,129,114160.0,- -,1075234387,2015-03-02,3,2,1,10,8
15022,9,11,14,15,26,11,12,0,0.0,42,412049.0,- -,1052353522,2015-02-28,2,3,1,11,1
15021,22,23,24,26,31,5,6,0,0.0,63,251635.0,- -,1011148456,2015-02-25,1,1,2,5,1
15020,11,26,28,29,32,1,4,21,5865102.0,59,288272.0,- -,975106845,2015-02-16,15,2,1,3,3
15019,2,8,16,22,24,1,3,1,10000000.0,52,407742.0,- -,1056985003,2015-02-14,6,8,6,2,2
15018,4,7,10,23,31,3,7,1,10000000.0,131,131537.0,- -,1013044052,2015-02-11,3,3,13,8,4
15017,7,13,16,17,29,1,7,1,10000000.0,91,187158.0,- -,980636543,2015-02-09,6,3,1,12,6
15016,6,7,16,20,34,9,11,0,0.0,283,78867.0,- -,949403008,2015-02-07,1,9,4,14,2
15015,1,5,13,17,32,4,11,9,9448760.0,100,74192.0,- -,901055602,2015-02-04,4,8,4,15,7
15014,8,16,25,29,35,3,10,3,10000000.0,61,280524.0,- -,934144755,2015-02-02,8,9,4,6,7
15013,11,15,25,28,35,7,10,0,0.0,53,362849.0,- -,922796421,2015-01-31,4,10,3,7,3
15012,3,4,6,11,31,5,9,2,10000000.0,48,258280.0,- -,877629027,2015-01-28,1,2,5,20,4
15011,4,13,22,25,30,1,6,16,6211643.0,295,67297.0,- -,867227273,2015-01-26,9,9,3,5,5
15010,2,6,17,30,35,2,7,1,10000000.0,73,267008.0,- -,922553782,2015-01-24,4,11,13,5,5
15009,17,22,26,27,33,6,10,0,0.0,82,253745.0,- -,885966276,2015-01-21,5,4,1,6,4
15008,7,10,11,15,17,3,10,54,5350846.0,142,137328.0,- -,838917495,2015-01-19,3,1,4,2,7
15007,2,7,8,14,31,4,8,2,10000000.0,156,124376.0,- -,1084804698,2015-01-17,5,1,6,17,4
15006,6,8,30,32,33,3,7,4,16000000.0,81,195459.0,- -,1061791325,2015-01-14,2,22,2,1,4
15005,11,14,15,18,19,7,8,6,7975072.0,74,216368.0,- -,1056022676,2015-01-12,3,1,3,1,1
15004,3,12,14,18,28,5,6,6,15430728.0,55,397040.0,- -,1063303937,2015-01-10,9,2,4,10,1
15003,12,19,27,28,34,1,12,15,10871616.0,88,250121.0,- -,1058932056,2015-01-07,7,8,1,6,11
15002,3,14,20,26,32,6,10,4,16000000.0,115,157985.0,- -,1092064321,2015-01-05,11,6,6,6,4
15001,8,9,19,27,30,6,7,17,9933995.0,199,85280.0,- -,1084864825,2015-01-03,1,10,8,3,1
14154,5,12,17,23,28,2,9,24,9462283.0,132,129902.0,- -,1135404076,2014-12-31,7,5,6,5,7
14153,1,8,13,24,32,5,10,6,14459371.0,88,229012.0,- -,1212140454,2014-12-29,7,5,11,8,5
14152,5,12,18,24,33,1,5,4,16000000.0,173,136456.0,- -,1211422140,2014-12-27,7,6,6,9,4
14151,3,8,26,31,32,8,12,8,11179516.0,87,158040.0,- -,1192625943,2014-12-24,5,18,5,1,4
14150,19,21,30,33,35,5,7,12,11281372.0,90,212652.0,- -,1211404301,2014-12-22,2,9,3,2,2
14149,2,13,19,26,35,1,5,24,9359326.0,110,174982.0,- -,1234346541,2014-12-20,11,6,7,9,4
14148,3,9,10,11,20,7,9,4,9318025.0,175,92249.0,- -,1326828262,2014-12-17,6,1,1,9,2
14147,5,9,14,26,34,2,9,14,10469009.0,71,245604.0,- -,1324845582,2014-12-15,4,5,12,8,7
14146,2,16,23,24,28,10,11,2,10000000.0,314,86358.0,- -,1361277737,2014-12-13,14,7,1,4,1
14145,15,19,22,24,26,10,11,2,10000000.0,48,434760.0,- -,1321185915,2014-12-10,4,3,2,2,1
14144,1,21,24,25,35,4,11,0,0.0,49,421489.0,- -,1290463839,2014-12-08,20,3,1,10,7
14143,1,11,14,18,25,6,10,3,10000000.0,81,293808.0,- -,1241070437,2014-12-06,10,3,4,7,4
14142,18,21,25,28,30,4,6,10,6504645.0,128,109793.0,- -,1213685929,2014-12-03,3,4,3,2,2
14141,4,17,20,26,29,5,8,6,12707496.0,68,220540.0,- -,1244535901,2014-12-01,13,3,6,3,3
14140,1,19,20,25,34,7,12,1,10000000.0,50,492776.0,- -,1251566141,2014-11-29,18,1,5,9,5
14139,3,5,7,15,34,1,10,4,16000000.0,41,521984.0,- -,1200995750,2014-11-26,2,2,8,19,9
14138,1,7,29,32,34,9,12,5,16000000.0,34,669086.0,- -,1185612824,2014-11-24,6,22,3,2,3
14137,2,11,16,22,34,2,5,2,10000000.0,66,280028.0,- -,1178643374,2014-11-22,9,5,6,12,3
14136,4,18,20,34,35,7,11,15,10529113.0,104,186500.0,- -,1154305279,2014-11-19,14,2,14,1,4
14135,20,26,28,30,35,9,12,2,10000000.0,43,506248.0,- -,1191956659,2014-11-17,6,2,2,5,3
14134,2,5,7,11,32,9,12,2,10000000.0,57,391134.0,- -,1157903994,2014-11-15,3,2,4,21,3
14133,2,8,12,14,18,4,12,3,16000000.0,263,70833.0,- -,1125548895,2014-11-12,6,4,2,4,8
14132,1,3,4,19,32,1,7,2,10000000.0,32,695614.0,- -,1103993932,2014-11-10,2,1,15,13,6
14131,3,16,19,23,27,3,7,3,16000000.0,381,58587.0,- -,1070373608,2014-11-08,13,3,4,4,4
14130,2,18,31,32,33,5,7,4,15732336.0,93,185616.0,- -,1047946346,2014-11-05,16,13,1,1,2
14129,7,22,28,30,32,5,6,1,10000000.0,56,312736.0,- -,1043803747,2014-11-03,15,6,2,2,1
14128,2,4,16,22,34,8,11,2,10000000.0,59,354326.0,- -,1012105455,2014-11-01,2,12,6,12,3
14127,2,4,6,15,19,2,11,5,16000000.0,31,630937.0,- -,980248197,2014-10-29,2,2,9,4,9
14126,2,9,22,30,34,9,10,1,10000000.0,50,354635.0,- -,973284763,2014-10-27,7,13,8,4,1
14125,12,15,19,23,31,4,10,3,16000000.0,137,124420.0,- -,941910615,2014-10-25,3,4,4,8,6
14124,1,3,28,29,35,8,12,6,14348160.0,34,577104.0,- -,926501357,2014-10-22,2,25,1,6,4
14123,1,9,12,22,25,2,9,4,15655280.0,40,399792.0,- -,926243050,2014-10-20,8,3,10,3,7
14122,3,10,25,26,35,1,7,3,16000000.0,99,185518.0,- -,922321109,2014-10-18,7,15,1,9,6
14121,13,16,18,22,32,8,10,5,14874289.0,77,219336.0,- -,903584105,2014-10-15,3,2,4,10,2
14120,1,4,6,18,33,5,11,2,10000000.0,35,543416.0,- -,901617720,2014-10-13,3,2,12,15,6
14119,4,8,9,13,18,8,12,1,10000000.0,103,149081.0,- -,876616071,2014-10-11,4,1,4,5,4
14118,2,3,23,24,26,5,11,0,0.0,46,391100.0,- -,848491203,2014-10-08,1,20,1,2,6
14117,3,14,17,18,33,6,9,2,10000000.0,57,213494.0,- -,806936584,2014-10-06,11,3,1,15,3
14116,6,13,15,24,27,4,5,1,10000000.0,84,192435.0,- -,797914592,2014-10-04,7,2,9,3,1
14115,1,5,26,29,30,2,10,3,16000000.0,61,255516.0,- -,770028734,2014-10-01,4,21,3,1,8
14114,3,16,24,30,33,5,8,6,11581153.0,90,119780.0,- -,759165112,2014-09-29,13,8,6,3,3
14113,2,13,17,19,23,1,6,6,12356454.0,70,205353.0,- -,770352154,2014-09-27,11,4,2,4,5
14112,3,5,14,18,32,2,10,3,16000000.0,43,367796.0,- -,778946120,2014-09-24,2,9,4,14,8
14111,11,16,18,20,29,3,4,0,0.0,37,406388.0,- -,766059220,2014-09-22,5,2,2,9,1
14110,9,18,19,22,24,8,11,2,16000000.0,78,209316.0,- -,729018439,2014-09-20,9,1,3,2,3
14109,15,18,20,21,23,1,2,5,8560406.0,48,349916.0,- -,707079547,2014-09-17,3,2,1,2,1
14108,1,2,13,23,35,9,12,2,16000000.0,78,181465.0,- -,709422417,2014-09-15,1,11,10,12,3
14107,5,13,14,21,34,8,10,1,10000000.0,76,250952.0,- -,691019481,2014-09-13,8,1,7,13,2
14106,5,9,11,20,22,5,11,1,10000000.0,86,160587.0,- -,657364184,2014-09-10,4,2,9,2,6
14105,4,10,26,29,32,4,8,2,10000000.0,68,202828.0,- -,634577614,2014-09-08,6,16,3,3,4
14104,7,13,14,28,32,4,11,6,13174665.0,84,209076.0,- -,621617813,2014-09-06,6,1,14,4,7
14103,14,20,23,25,26,10,12,1,10000000.0,50,319462.0,- -,626567022,2014-09-03,6,3,2,1,2
14102,1,7,14,19,20,3,12,4,14810172.0,93,160344.0,- -,596966907,2014-09-01,6,7,5,1,9
14101,9,10,12,17,28,3,11,0,0.0,126,123635.0,- -,595465040,2014-08-30,1,2,5,11,8
14100,2,4,8,12,35,1,7,3,16000000.0,53,357364.0,- -,559791030,2014-08-27,2,4,4,23,6
14099,15,21,22,23,33,1,7,3,10000000.0,62,274428.0,- -,541306441,2014-08-25,6,1,1,10,6
14098,16,18,22,25,35,3,10,2,10000000.0,49,338171.0,- -,529856031,2014-08-23,2,4,3,10,7
14097,3,15,20,21,23,7,9,1,10000000.0,40,428776.0,- -,508112843,2014-08-20,12,5,1,2,2
14096,3,7,21,23,31,5,10,11,10213571.0,131,100105.0,- -,476575124,2014-08-18,4,14,2,8,5
14095,6,22,30,31,34,5,6,4,8448139.0,52,246662.0,- -,508319326,2014-08-16,16,8,1,3,1
14094,13,14,24,25,34,4,7,9,10287689.0,232,55430.0,- -,510765155,2014-08-13,1,10,1,9,3
14093,3,8,30,32,34,9,11,0,0.0,82,204865.0,- -,538115272,2014-08-11,5,22,2,2,2
14092,2,18,27,30,32,5,11,1,10000000.0,44,394457.0,- -,498422452,2014-08-09,16,9,3,2,6
14091,10,16,18,29,32,2,7,1,10000000.0,50,301841.0,- -,466511258,2014-08-06,6,2,11,3,5
14090,2,3,20,23,28,6,8,120,8291936.0,90,187339.0,- -,439724222,2014-08-04,1,17,3,5,2
14089,2,8,12,29,30,7,12,10,10032468.0,151,77009.0,- -,897430770,2014-08-02,6,4,17,1,5
14088,7,13,20,25,26,8,11,3,16000000.0,121,129385.0,- -,929910085,2014-07-30,6,7,5,1,3
14087,4,7,31,33,35,9,10,1,10000000.0,83,214784.0,- -,916892029,2014-07-28,3,24,2,2,1
14086,6,8,27,29,35,3,9,4,10000000.0,71,277585.0,- -,886731623,2014-07-26,2,19,2,6,6
14085,6,12,13,25,29,11,12,3,9894855.0,124,108976.0,- -,879455090,2014-07-23,6,1,12,4,1
14084,2,7,9,11,28,5,9,8,11558734.0,201,86272.0,- -,875765643,2014-07-21,5,2,2,17,4
14083,18,20,24,33,35,5,10,2,10000000.0,102,162851.0,- -,892251472,2014-07-19,2,4,9,2,5
14082,1,8,18,23,25,8,12,0,0.0,59,307070.0,- -,872216864,2014-07-16,7,10,5,2,4
14081,3,5,8,10,25,9,12,0,0.0,62,266299.0,- -,830154471,2014-07-14,2,3,2,15,3
14080,17,20,23,25,27,3,10,4,16000000.0,55,327153.0,- -,792428610,2014-07-12,3,3,2,2,7
14079,9,10,20,31,32,6,10,4,16000000.0,80,214942.0,- -,783615300,2014-07-09,1,10,11,1,4
14078,10,15,16,22,28,4,5,3,10000000.0,95,191612.0,- -,778417883,2014-07-07,5,1,6,6,1
14077,9,16,26,31,32,1,5,5,15710614.0,73,268454.0,- -,765404764,2014-07-05,7,10,5,1,4
14076,5,10,19,31,32,9,10,1,10000000.0,125,148211.0,- -,760644298,2014-07-02,5,9,12,1,1
14075,5,7,29,32,35,4,10,8,10760696.0,64,189475.0,- -,729191341,2014-06-30,2,22,3,3,6
14074,6,11,22,27,30,5,11,2,10000000.0,134,129697.0,- -,750501664,2014-06-28,5,11,5,3,6
14073,4,5,7,13,35,5,6,5,14833326.0,220,86776.0,- -,729295547,2014-06-25,1,2,6,22,1
14072,17,19,22,24,30,2,9,1,10000000.0,31,531088.0,- -,727466021,2014-06-23,2,3,2,6,7
14071,4,14,15,22,23,1,7,2,16000000.0,49,354198.0,- -,696804568,2014-06-21,10,1,7,1,6
14070,1,2,7,10,32,4,12,2,10000000.0,67,191612.0,- -,669821040,2014-06-18,1,5,3,22,8
14069,16,22,27,29,31,2,9,2,10000000.0,35,365384.0,- -,658384418,2014-06-16,6,5,2,2,7
14068,5,15,24,29,35,5,6,3,10000000.0,121,126617.0,- -,648506595,2014-06-14,10,9,5,6,1
14067,3,18,23,24,31,3,7,1,10000000.0,32,546729.0,- -,642565242,2014-06-11,15,5,1,7,4
14066,8,14,16,20,31,3,11,2,10000000.0,51,319171.0,- -,609851883,2014-06-09,6,2,4,11,8
14065,7,12,19,31,33,7,12,7,11794467.0,67,207640.0,- -,593113888,2014-06-07,5,7,12,2,5
14064,8,15,33,34,35,1,8,3,9481293.0,225,58025.0,- -,605400258,2014-06-04,7,18,1,1,7
14063,11,17,21,23,34,3,4,1,10000000.0,34,446960.0,- -,603289864,2014-06-02,6,4,2,11,1
14062,4,7,17,24,25,2,4,0,0.0,61,316419.0,- -,576508734,2014-05-31,3,10,7,1,2
14061,4,11,17,20,29,6,10,1,10000000.0,69,203996.0,- -,530528894,2014-05-28,7,6,3,9,4
14060,12,22,29,30,34,5,11,3,16000000.0,67,225075.0,- -,508335617,2014-05-26,10,7,1,4,6
14059,7,15,17,25,29,4,11,7,11426236.0,121,113995.0,- -,499050363,2014-05-24,8,2,8,4,7
14058,9,15,22,24,26,2,7,4,14452816.0,82,170308.0,- -,514062616,2014-05-21,6,7,2,2,5
14057,8,10,20,27,33,1,9,5,13063638.0,56,256150.0,- -,513584094,2014-05-19,2,10,7,6,8
14056,12,18,28,29,35,7,8,1,10000000.0,84,156038.0,- -,518055775,2014-05-17,6,10,1,6,1
14055,4,23,26,27,35,10,11,1,10000000.0,98,120638.0,- -,497660787,2014-05-14,19,3,1,8,1
14054,2,3,20,25,34,1,12,3,16000000.0,78,202155.0,- -,479762955,2014-05-12,1,17,5,9,11
14053,2,11,17,27,30,3,4,2,10000000.0,72,220824.0,- -,465963587,2014-05-10,9,6,10,3,1
14052,14,19,21,24,30,2,7,1,10000000.0,35,391996.0,- -,448239242,2014-05-07,5,2,3,6,5
14051,1,7,11,29,30,3,11,8,9899520.0,79,126283.0,- -,426593556,2014-05-05,6,4,18,1,8
14050,10,18,27,28,35,1,6,1,10000000.0,31,484480.0,- -,449771795,2014-05-03,8,9,1,7,5
14049,3,15,17,22,31,3,5,1,10000000.0,43,300156.0,- -,427750617,2014-04-30,12,2,5,9,2
14048,1,2,5,15,35,1,11,3,15575924.0,30,475782.0,- -,410032886,2014-04-28,1,3,10,20,10
14047,6,17,18,30,34,6,12,2,16000000.0,61,239009.0,- -,404566567,2014-04-26,11,1,12,4,6
14046,3,15,18,21,26,1,6,2,16000000.0,24,496083.0,- -,387964150,2014-04-23,12,3,3,5,5
14045,6,10,12,16,30,2,11,1,10000000.0,44,311336.0,- -,376989546,2014-04-21,4,2,4,14,9
14044,22,23,25,27,35,3,11,2,10000000.0,53,263638.0,- -,358093528,2014-04-19,1,2,2,8,8
14043,1,11,23,29,30,1,12,0,0.0,84,160848.0,- -,347321907,2014-04-16,10,12,6,1,11
14042,16,21,25,27,35,6,11,4,7374876.0,36,291171.0,- -,319726297,2014-04-14,5,4,2,8,5
14041,5,7,11,15,18,5,12,3,15452672.0,48,296283.0,- -,325477040,2014-04-12,2,4,4,3,7
14040,12,15,21,30,33,2,8,3,14799476.0,34,368304.0,- -,320311146,2014-04-09,3,6,9,3,6
14039,2,5,11,15,20,8,11,0,0.0,44,283672.0,- -,316737417,2014-04-07,3,6,4,5,3
14038,7,8,12,20,32,3,5,4,12093641.0,66,169392.0,- -,290675013,2014-04-05,1,4,8,12,2
14037,3,4,8,19,34,2,4,3,14055156.0,55,205795.0,- -,294858966,2014-04-02,1,4,11,15,2
14036,1,2,12,17,29,3,8,3,8790665.0,49,284744.0,- -,293099516,2014-03-31,1,10,5,12,5
14035,9,12,14,28,29,3,10,4,12444700.0,80,139624.0,- -,291041521,2014-03-29,3,2,14,1,7
14034,3,11,14,27,32,5,7,6,6124320.0,226,37321.0,- -,294040655,2014-03-26,8,3,13,5,2
14033,1,7,8,28,29,4,8,2,8601186.0,181,48932.0,- -,313921770,2014-03-24,6,1,20,1,4
14032,2,5,6,9,31,2,9,1,10000000.0,51,225681.0,- -,313118209,2014-03-22,3,1,3,22,7
14031,6,15,27,32,33,3,4,2,7755906.0,192,33480.0,- -,298257838,2014-03-19,9,12,5,1,1
14030,3,14,18,29,35,11,12,5,12690017.0,25,570958.0,- -,299990119,2014-03-17,11,4,11,6,1
14029,3,21,22,23,35,5,9,7,10013158.0,120,82937.0,- -,302523173,2014-03-15,18,1,1,12,4
14028,3,10,20,25,30,10,12,2,16000000.0,46,251032.0,- -,323066741,2014-03-12,7,10,5,5,2
14027,9,10,24,28,29,10,12,3,7411068.0,57,143408.0,- -,313884979,2014-03-10,1,14,4,1,2
14026,5,10,12,15,26,4,8,0,0.0,119,101788.0,- -,318035173,2014-03-08,5,2,3,11,4
14025,19,20,27,32,34,6,8,4,11651851.0,61,155950.0,- -,292317488,2014-03-05,1,7,5,2,2
14024,7,11,15,31,32,6,11,5,11432657.0,40,286054.0,- -,297992483,2014-03-03,4,4,16,1,5
14023,4,13,15,29,33,5,9,6,9337376.0,120,40667.0,- -,306189144,2014-03-01,9,2,14,4,4
14022,3,6,10,16,25,10,11,1,10000000.0,37,335900.0,- -,325669431,2014-02-26,3,4,6,9,1
14021,6,10,17,23,24,3,9,6,10503380.0,57,174264.0,- -,309059701,2014-02-24,4,7,6,1,6
14020,1,14,17,30,35,6,7,2,10000000.0,48,258345.0,- -,322855712,2014-02-22,13,3,13,5,1
14019,7,12,22,29,32,11,12,3,12762660.0,92,99220.0,- -,316455971,2014-02-19,5,10,7,3,1
14018,8,9,12,28,34,2,12,0,0.0,50,202054.0,- -,317846981,2014-02-17,1,3,16,6,10
14017,5,10,11,23,34,1,10,8,10739428.0,42,330284.0,- -,295873500,2014-02-15,5,1,12,11,9
14016,4,6,13,24,34,4,9,8,6326869.0,25,483872.0,- -,312409622,2014-02-12,2,7,11,10,5
14015,4,6,18,20,30,5,7,1,10000000.0,46,209046.0,- -,336487176,2014-02-10,2,12,2,10,2
14014,1,9,11,27,29,3,11,2,8694497.0,52,164198.0,- -,325125162,2014-02-08,8,2,16,2,8
14013,10,11,13,22,28,4,12,1,10000000.0,120,98619.0,- -,324041671,2014-01-29,1,2,9,6,8
14012,9,20,21,23,29,5,7,2,15724552.0,73,118724.0,- -,308985857,2014-01-27,11,1,2,6,2
14011,4,6,14,24,35,7,12,2,16000000.0,35,438009.0,- -,305399026,2014-01-25,2,8,10,11,5
14010,5,10,20,26,27,1,3,2,10000000.0,55,268504.0,- -,289164215,2014-01-22,5,10,6,1,2
14009,10,18,25,29,33,7,8,3,11558622.0,161,42075.0,- -,277824746,2014-01-20,8,7,4,4,1
14008,11,13,20,28,35,1,5,1,10000000.0,34,387539.0,- -,282150599,2014-01-18,2,7,8,7,4
14007,8,11,14,21,32,3,11,6,10205652.0,116,75406.0,- -,263085157,2014-01-15,3,3,7,11,8
14006,1,4,7,16,35,6,8,0,0.0,48,298257.0,- -,279505469,2014-01-13,3,3,9,19,2
14005,15,17,18,29,33,4,8,4,6981095.0,45,200299.0,- -,251264064,2014-01-11,2,1,11,4,4
14004,7,10,19,27,28,9,12,3,11950083.0,69,104691.0,- -,259377488,2014-01-08,3,9,8,1,3
14003,7,11,13,21,33,5,6,3,12315060.0,43,177236.0,- -,262749156,2014-01-06,4,2,8,12,1
14002,1,12,21,24,29,1,7,1,10000000.0,71,201787.0,- -,265231194,2014-01-04,11,9,3,5,6
14001,5,13,20,23,29,8,11,1,10000000.0,63,148420.0,- -,245814203,2014-01-01,8,7,3,6,3
13153,4,5,16,17,30,3,9,0,0.0,43,288444.0,- -,235568607,2013-12-30,1,11,1,13,6
13152,9,12,14,18,19,3,9,5,7025670.0,31,372536.0,- -,208662004,2013-12-28,3,2,4,1,6
13151,2,13,21,27,30,3,4,0,0.0,49,230836.0,- -,218469468,2013-12-25,11,8,6,3,1
13150,6,7,14,18,22,8,11,1,10000000.0,26,451462.0,- -,195421794,2013-12-23,1,7,4,4,3
13149,6,7,8,9,13,5,7,2,9420969.0,44,228916.0,- -,180873480,2013-12-21,1,1,1,4,2
13148,2,5,9,29,32,3,7,1,10000000.0,37,212460.0,- -,177610569,2013-12-18,3,4,20,3,4
13147,3,9,22,24,25,5,9,2,9377504.0,30,343332.0,- -,171377233,2013-12-16,6,13,2,1,4
13146,6,7,15,25,31,1,9,1,10000000.0,63,187784.0,- -,168244721,2013-12-14,1,8,10,6,8
13145,2,13,15,18,20,2,11,0,0.0,32,347283.0,- -,153157780,2013-12-11,11,2,3,2,9
13144,3,20,21,23,35,2,8,2,16000000.0,17,699515.0,- -,128088241,2013-12-09,17,1,2,12,6
13143,3,8,14,21,31,6,8,3,14420116.0,56,222563.0,- -,118184260,2013-12-07,5,6,7,10,2
13142,6,11,25,28,29,4,12,2,15888944.0,73,131894.0,- -,115535221,2013-12-04,5,14,3,1,8
13141,5,15,18,25,31,8,10,0,0.0,48,185241.0,- -,111701804,2013-12-02,10,3,7,6,2
13140,1,12,17,26,28,1,6,4,5000000.0,57,226763.0,- -,91556766,2013-11-30,11,5,9,2,5
13139,5,6,18,20,31,6,7,5,8000000.0,40,261657.0,- -,82963265,2013-11-27,1,12,2,11,1
13138,3,8,13,17,24,7,9,15,8146848.0,381,19200.0,- -,81149879,2013-11-25,5,5,4,7,2
13137,4,12,32,33,34,6,8,2,7657598.0,115,56356.0,- -,152139878,2013-11-23,8,20,1,1,2
13136,5,11,15,25,28,5,11,6,9754867.0,76,91070.0,- -,154167079,2013-11-20,6,4,10,3,6
13135,4,13,19,25,26,7,12,0,0.0,48,237248.0,- -,171612098,2013-11-18,9,6,6,1,5
13134,2,13,19,23,32,2,9,0,0.0,44,261692.0,- -,148480349,2013-11-16,11,6,4,9,7
13133,2,8,10,16,17,9,12,1,10000000.0,22,582190.0,- -,122965280,2013-11-13,6,2,6,1,3
13132,23,26,28,31,34,2,10,4,6470096.0,70,96795.0,- -,105675073,2013-11-11,3,2,3,3,8
13131,12,15,29,30,31,4,12,0,0.0,62,155171.0,- -,116854488,2013-11-09,3,14,1,1,8
13130,8,9,15,19,30,6,9,4,11001974.0,66,120078.0,- -,95469948,2013-11-06,1,6,4,11,3
13129,11,23,29,30,33,1,4,5,10832988.0,70,123172.0,- -,103338276,2013-11-04,12,6,1,3,3
13128,11,13,27,33,35,1,2,12,8342888.0,181,19200.0,- -,113183371,2013-11-02,2,14,6,2,1
13127,3,14,16,19,32,5,10,4,11181382.0,49,165265.0,- -,165583037,2013-10-30,11,2,3,13,5
13126,9,10,15,18,30,3,6,3,7164717.0,52,148014.0,- -,172845865,2013-10-28,1,5,3,12,3
13125,4,8,14,23,28,4,8,9,9259908.0,76,92014.0,- -,178104632,2013-10-26,4,6,9,5,4
13124,5,7,18,21,32,10,11,1,10000000.0,61,130889.0,- -,207891533,2013-10-23,2,11,3,11,1
13123,2,9,10,33,34,5,12,0,0.0,42,206820.0,- -,201386997,2013-10-21,7,1,23,1,7
13122,15,17,20,24,35,4,12,1,10000000.0,24,500136.0,- -,183742526,2013-10-19,2,3,4,11,8
13121,3,18,19,20,24,3,12,3,13621091.0,31,335972.0,- -,167954219,2013-10-16,15,1,1,4,9
13120,6,14,15,22,26,3,11,0,0.0,16,662380.0,- -,167252806,2013-10-14,8,1,7,4,8
13119,1,2,16,23,35,1,11,1,10000000.0,44,318764.0,- -,144276439,2013-10-12,1,14,7,12,10
13118,4,6,11,20,31,1,5,1,10000000.0,38,270168.0,- -,124989788,2013-10-09,2,5,9,11,4
13117,5,16,23,25,33,7,12,1,5000000.0,31,317870.0,- -,112954194,2013-10-07,11,7,2,8,5
13116,13,22,23,30,33,9,11,2,8000000.0,53,156675.0,- -,97540922,2013-10-05,9,1,7,3,2
13115,5,16,29,32,34,4,11,10,8000000.0,192,19200.0,- -,87253881,2013-10-02,11,13,3,2,7
13114,6,17,21,23,33,1,9,6,6173985.0,677,19200.0,- -,135253881,2013-09-30,11,4,2,10,8
13113,19,21,23,28,30,8,12,4,6675534.0,191,39937.0,- -,154688007,2013-09-28,2,2,5,2,4
13112,2,10,20,22,29,5,12,1,10000000.0,31,349468.0,- -,164634801,2013-09-25,8,10,2,7,7
13111,7,12,13,20,27,1,3,2,14782739.0,105,75836.0,- -,151209447,2013-09-23,5,1,7,7,2
13110,7,16,18,32,33,2,7,2,9388735.0,37,280318.0,- -,149035335,2013-09-21,9,2,14,1,5
13109,13,20,26,29,32,2,6,1,10000000.0,28,350316.0,- -,145869127,2013-09-18,7,6,3,3,4
13108,5,10,13,15,18,2,11,0,0.0,23,436537.0,- -,134193271,2013-09-16,5,3,2,3,9
13107,7,13,14,18,25,5,12,0,0.0,32,326792.0,- -,111070403,2013-09-14,6,1,4,7,7
13106,6,7,12,13,27,3,12,1,5000000.0,48,193755.0,- -,88399110,2013-09-11,1,5,1,14,9
13105,7,13,27,30,34,1,12,1,5000000.0,43,179747.0,- -,73054761,2013-09-09,6,14,3,4,11
13104,2,5,11,27,29,1,11,0,0.0,35,316475.0,- -,61624635,2013-09-07,3,6,16,2,10
13103,5,8,13,16,31,3,9,3,5000000.0,73,101876.0,- -,37443844,2013-09-04,3,5,3,15,6
13102,6,12,15,19,26,2,11,0,0.0,29,357328.0,- -,36350423,2013-09-02,6,3,4,7,9
13101,4,9,13,15,32,2,9,3,8000000.0,23,402884.0,- -,14743158,2013-08-31,5,4,2,17,7
13100,9,12,24,26,30,5,9,5,8000000.0,45,154168.0,- -,6402825,2013-08-28,3,12,2,4,4
13099,4,11,28,30,33,5,12,6,8000000.0,82,19200.0,- -,12009973,2013-08-26,7,17,2,3,7
13098,2,6,16,29,34,10,11,2,5000000.0,71,115315.0,- -,35352220,2013-08-24,4,10,13,5,1
13097,7,8,13,17,32,3,8,2,8000000.0,18,424326.0,- -,28216869,2013-08-21,1,5,4,15,5
13096,17,19,20,22,26,6,8,0,0.0,29,291846.0,- -,19111160,2013-08-19,2,1,2,4,2
13095,3,17,28,30,33,1,10,3,5000000.0,33,227012.0,- -,642661,2013-08-17,14,11,2,3,9
13094,3,28,33,34,35,6,9,13,38400.0,341,19200.0,- -,0,2013-08-14,25,5,1,1,3
13093,1,5,17,18,26,5,7,9,1938009.0,76,58251.0,- -,0,2013-08-12,4,12,1,8,2
13092,7,10,21,27,33,3,9,4,2958913.0,73,72764.0,- -,0,2013-08-10,3,11,6,6,6
13091,4,9,28,34,35,2,8,10,1157592.0,162,19200.0,- -,0,2013-08-07,5,19,6,1,6
13090,2,26,30,31,33,11,12,2,5000000.0,48,119328.0,- -,5263955,2013-08-05,24,4,1,2,1
13089,6,7,23,24,29,4,11,3,5000000.0,51,164812.0,- -,2846241,2013-08-03,1,16,1,5,7
13088,3,5,8,33,35,1,3,45,1841230.0,249,19200.0,- -,0,2013-07-31,2,3,25,2,2
13087,9,12,22,32,34,2,4,2,8000000.0,30,339582.0,- -,42617129,2013-07-29,3,10,10,2,2
13086,9,16,26,29,31,6,9,17,8000000.0,97,62204.0,- -,28968747,2013-07-27,7,10,3,2,3
13085,8,19,23,27,32,3,5,4,11161094.0,84,99300.0,- -,98643241,2013-07-24,11,4,4,5,2
13084,8,22,26,29,35,1,5,0,0.0,40,222478.0,- -,105974540,2013-07-22,14,4,3,6,4
13083,26,29,30,32,35,4,10,19,8000000.0,432,19200.0,- -,86994313,2013-07-20,3,1,2,3,6
13082,3,9,25,26,33,3,12,0,0.0,42,248817.0,- -,171994313,2013-07-17,6,16,1,7,9
13081,7,9,15,17,23,2,7,1,10000000.0,36,334875.0,- -,150300415,2013-07-15,2,6,2,6,5
13080,6,21,23,27,31,4,6,0,0.0,35,354848.0,- -,132673164,2013-07-13,15,2,4,4,2
13079,9,10,17,21,34,1,7,2,8780721.0,107,83492.0,- -,106225828,2013-07-10,1,7,4,13,6
13078,2,7,23,31,33,2,8,2,8951872.0,39,240875.0,- -,104883662,2013-07-08,5,16,8,2,6
13077,24,26,30,32,35,6,12,3,7605661.0,74,121192.0,- -,103028044,2013-07-06,2,4,2,3,6
13076,13,15,16,26,27,9,10,4,11849273.0,40,245697.0,- -,106302568,2013-07-03,2,1,10,1,1
13075,1,11,13,19,35,7,8,3,12957017.0,34,271902.0,- -,111311262,2013-07-01,10,2,6,16,1
13074,6,14,20,24,32,1,7,6,10511761.0,89,102259.0,- -,112228527,2013-06-29,8,6,4,8,6
13073,3,5,23,27,31,2,6,5,11733489.0,43,265323.0,- -,124925587,2013-06-26,2,18,4,4,4
13072,12,27,28,33,35,3,5,11,8896944.0,204,30219.0,- -,131224965,2013-06-24,15,1,5,2,2
13071,13,19,26,27,28,3,11,3,7929319.0,107,98670.0,- -,170320645,2013-06-22,6,7,1,1,8
13070,9,12,18,21,29,1,8,2,16000000.0,120,93422.0,- -,172138704,2013-06-19,3,6,3,8,7
13069,6,12,13,16,30,7,12,1,10000000.0,57,208736.0,- -,165804899,2013-06-17,6,1,3,14,5
13068,10,17,27,34,35,5,7,5,6057629.0,93,66360.0,- -,151050094,2013-06-15,7,10,7,1,2
13067,2,3,5,8,29,10,12,3,7144174.0,22,343067.0,- -,168117873,2013-06-12,1,2,3,21,2
13066,6,7,13,33,34,2,11,1,10000000.0,77,117630.0,- -,173469085,2013-06-10,1,6,20,1,9
13065,9,28,31,34,35,2,9,1,10000000.0,299,22563.0,- -,164666357,2013-06-08,19,3,3,1,7
13064,21,24,26,28,32,1,3,1,10000000.0,27,400713.0,- -,159171307,2013-06-05,3,2,2,4,2
13063,3,5,11,27,28,5,6,1,10000000.0,31,334227.0,- -,146067573,2013-06-03,2,6,16,1,1
13062,1,5,8,9,12,9,12,5,7129714.0,40,295793.0,- -,133663835,2013-06-01,4,3,1,3,3
13061,1,14,18,21,32,5,10,0,0.0,22,553641.0,- -,142690976,2013-05-29,13,4,3,11,5
13060,15,25,26,32,35,5,10,8,8764358.0,71,59216.0,- -,116219946,2013-05-27,10,1,6,3,5
13059,3,8,11,24,27,7,12,0,0.0,61,182214.0,- -,148773878,2013-05-25,5,3,13,3,5
13058,20,21,27,31,35,7,11,2,9312826.0,33,300675.0,- -,125968561,2013-05-22,1,6,4,4,4
13057,7,15,27,33,35,7,10,0,0.0,28,272100.0,- -,123030080,2013-05-20,8,12,6,2,3
13056,11,22,30,32,35,3,4,3,13145398.0,74,131156.0,- -,106703983,2013-05-18,11,8,2,3,1
13055,4,5,22,23,24,3,9,4,11045664.0,43,183657.0,- -,107162071,2013-05-15,1,17,1,1,6
13054,5,8,21,30,32,1,8,4,6929758.0,27,324158.0,- -,114882950,2013-05-13,3,13,9,2,7
13053,13,31,33,34,35,5,7,9,8000000.0,296,19200.0,- -,123304395,2013-05-11,18,2,1,1,2
13052,1,2,10,29,31,1,10,7,9655923.0,68,118280.0,- -,166304395,2013-05-08,1,8,19,2,9
13051,5,8,15,18,33,7,8,2,16000000.0,71,153579.0,- -,189058365,2013-05-06,3,7,3,15,1
13050,14,22,30,32,33,7,8,2,7415141.0,68,81523.0,- -,183101262,2013-05-04,8,8,2,1,1
13049,18,22,25,31,32,4,6,1,10000000.0,50,142358.0,- -,185855837,2013-05-01,4,3,6,1,2
13048,10,11,23,32,33,1,4,14,8808724.0,54,121742.0,- -,180774662,2013-04-29,1,12,9,1,3
13047,12,20,28,30,35,3,11,0,0.0,34,292163.0,- -,228283036,2013-04-27,8,8,2,5,8
13046,15,16,19,25,32,5,11,0,0.0,35,280523.0,- -,207466383,2013-04-24,1,3,6,7,6
13045,8,11,12,21,25,2,7,4,11503473.0,54,172300.0,- -,186295531,2013-04-22,3,1,9,4,5
13044,7,11,13,18,28,5,10,3,13396670.0,36,281753.0,- -,192471304,2013-04-20,4,2,5,10,5
13043,7,13,25,34,35,7,9,4,10612376.0,40,154806.0,- -,192316919,2013-04-17,6,12,9,1,2
13042,2,6,22,23,33,1,6,2,9154000.0,32,291508.0,- -,200479790,2013-04-15,4,16,1,10,5
13041,3,13,14,15,34,5,8,3,6640933.0,130,47563.0,- -,198017788,2013-04-13,10,1,1,19,3
13040,16,17,22,26,35,3,10,1,10000000.0,13,771617.0,- -,205633582,2013-04-10,1,5,4,9,7
13039,6,23,30,33,35,7,10,0,0.0,53,110027.0,- -,192846712,2013-04-08,17,7,3,2,3
13038,1,19,24,25,26,7,9,0,0.0,40,256265.0,- -,180313811,2013-04-06,18,5,1,1,2
13037,2,26,31,32,34,6,8,1,8717832.0,46,90955.0,- -,159171880,2013-04-03,24,5,1,2,2
13036,8,12,32,33,35,3,5,1,9305077.0,45,106792.0,- -,158595131,2013-04-01,4,20,1,2,2
13035,5,14,28,32,34,7,8,6,6345873.0,40,229084.0,- -,157137514,2013-03-30,9,14,4,2,1
13034,1,3,11,19,29,4,8,4,10945238.0,25,292089.0,- -,175024647,2013-03-27,2,8,8,10,4
13033,12,18,22,28,31,1,11,0,0.0,18,575195.0,- -,183084465,2013-03-25,6,4,6,3,10
13032,12,27,28,33,35,1,8,1,10000000.0,46,174286.0,- -,159896906,2013-03-23,15,1,5,2,7
13031,12,17,18,26,32,10,11,1,10000000.0,29,320758.0,- -,152903939,2013-03-20,5,1,8,6,1
13030,3,5,9,10,28,5,7,0,0.0,33,271942.0,- -,142906622,2013-03-18,2,4,1,18,2
13029,5,7,17,25,26,4,10,1,10000000.0,68,118438.0,- -,124168043,2013-03-16,2,10,8,1,6
13028,13,19,28,30,34,8,12,0,0.0,36,229497.0,- -,117290371,2013-03-13,6,9,2,4,4
13027,3,12,14,24,35,3,8,1,5000000.0,38,213547.0,- -,99217311,2013-03-11,9,2,10,11,5
13026,2,10,16,30,33,5,6,5,8000000.0,74,79011.0,- -,86999987,2013-03-09,8,6,14,3,1
13025,3,23,25,26,28,10,12,2,8000000.0,15,542963.0,- -,95037003,2013-03-06,20,2,1,2,2
13024,9,12,14,18,24,1,4,1,5000000.0,23,413132.0,- -,84966486,2013-03-04,3,2,4,6,3
13023,5,19,24,26,35,5,7,0,0.0,45,161320.0,- -,68857932,2013-03-02,14,5,2,9,2
13022,3,4,13,17,23,3,8,2,8000000.0,18,465040.0,- -,53204819,2013-02-27,1,9,4,6,5
13021,23,24,28,30,33,1,11,1,5000000.0,36,228059.0,- -,43329822,2013-02-25,1,4,2,3,10
13020,6,11,20,31,32,5,9,0,0.0,44,133364.0,- -,30797768,2013-02-23,5,9,11,1,4
13019,6,12,17,29,30,7,11,1,5000000.0,76,72864.0,- -,18419704,2013-02-20,6,5,12,1,4
13018,20,23,31,33,34,3,9,1,5000000.0,62,50976.0,- -,11738506,2013-02-18,3,8,2,1,6
13017,11,14,22,29,34,5,11,39,4762252.0,135,51112.0,- -,10000000,2013-02-16,3,8,7,5,6
13016,5,15,19,27,32,8,9,0,0.0,26,296406.0,- -,170130710,2013-02-06,10,4,8,5,1
13015,14,15,26,32,33,1,11,3,12626560.0,30,299228.0,- -,152902085,2013-02-04,1,11,6,1,10
13014,5,8,25,29,31,2,4,1,10000000.0,48,174392.0,- -,154624839,2013-02-02,3,17,4,2,2
13013,13,15,29,30,35,1,11,0,0.0,68,69457.0,- -,146150128,2013-01-30,2,14,1,5,10
13012,1,14,31,32,34,2,11,0,0.0,11,457265.0,- -,135535963,2013-01-28,13,17,1,2,9
13011,1,2,8,15,23,6,9,3,8253813.0,27,430256.0,- -,116673757,2013-01-26,1,6,7,8,3
13010,9,15,17,18,29,9,11,0,0.0,48,165488.0,- -,117031592,2013-01-23,6,2,1,11,2
13009,10,17,19,27,29,5,12,7,9295928.0,91,63315.0,- -,100586068,2013-01-21,7,2,8,2,7
13008,2,7,25,29,34,3,6,2,16000000.0,16,676561.0,- -,124053473,2013-01-19,5,18,4,5,3
13007,14,29,32,33,34,3,6,2,5000000.0,112,19200.0,- -,116585204,2013-01-16,15,3,1,1,3
13006,8,20,25,31,32,5,7,2,15326804.0,50,166992.0,- -,126585204,2013-01-14,12,5,6,1,2
13005,18,22,26,28,31,10,12,0,0.0,31,328904.0,- -,123594996,2013-01-12,4,4,2,3,2
13004,7,8,12,20,25,3,7,6,9519363.0,63,89272.0,- -,101548129,2013-01-09,1,4,8,5,4
13003,1,16,18,21,31,9,12,1,10000000.0,37,278302.0,- -,120141232,2013-01-07,15,2,3,10,3
13002,4,20,27,31,32,6,12,0,0.0,17,553876.0,- -,108094375,2013-01-05,16,7,4,1,6
13001,6,9,11,31,32,5,11,0,0.0,27,330406.0,- -,87583599,2013-01-02,3,2,20,1,6
12154,3,26,27,31,32,3,9,0,0.0,23,285212.0,- -,69462813,2012-12-31,23,1,4,1,6
12153,8,9,10,13,22,5,10,1,5000000.0,32,245044.0,- -,54890188,2012-12-29,1,1,3,9,5
12152,4,17,26,33,34,2,8,11,8000000.0,38,217209.0,- -,42430665,2012-12-26,13,9,7,1,6
12151,3,19,20,24,33,3,4,0,0.0,34,254350.0,- -,69714376,2012-12-24,16,1,4,9,1
12150,2,14,18,24,31,2,3,0,0.0,14,682724.0,- -,51830291,2012-12-22,12,4,6,7,1
12149,2,10,23,33,34,5,10,4,8000000.0,52,133400.0,- -,30708485,2012-12-19,8,13,10,1,5
12148,4,16,27,29,34,6,11,3,8000000.0,61,130257.0,- -,32076134,2012-12-17,12,11,2,5,5
12147,2,3,17,19,33,2,9,3,8000000.0,15,561880.0,- -,28529333,2012-12-15,1,14,2,14,7
12146,1,10,13,17,26,6,8,4,8000000.0,34,229248.0,- -,22302458,2012-12-12,9,3,4,9,2
12145,5,22,31,33,35,6,9,1,5000000.0,60,59716.0,- -,22893881,2012-12-10,17,9,2,2,3
12144,11,13,14,21,29,1,10,27,8552475.0,41,211828.0,- -,3369368,2012-12-08,2,1,7,8,9
12143,9,27,29,30,31,3,6,2,6025581.0,118,19675.0,- -,102870962,2012-12-05,18,2,1,1,3
12142,15,19,29,34,35,7,10,2,13710907.0,87,80790.0,- -,109794215,2012-12-03,4,10,5,1,3
12141,3,11,19,23,34,2,12,1,10000000.0,58,124324.0,- -,109227850,2012-12-01,8,8,4,11,10
12140,7,17,27,28,29,9,10,14,8439702.0,238,19200.0,- -,102910036,2012-11-28,10,10,1,1,1
12139,9,10,12,22,25,4,11,4,10847211.0,56,131409.0,- -,159798479,2012-11-26,1,2,10,3,7
12138,13,17,27,31,33,6,12,4,6985552.0,64,152368.0,- -,168189135,2012-11-24,4,10,4,2,6
12137,3,12,20,21,27,1,6,6,10769924.0,38,263801.0,- -,176275822,2012-11-21,9,8,1,6,5
12136,2,23,29,30,31,1,4,3,10239374.0,145,29995.0,- -,187811157,2012-11-19,21,6,1,1,3
12135,3,5,17,18,33,6,7,0,0.0,43,229932.0,- -,195352677,2012-11-17,2,12,1,15,1
12134,1,6,18,32,35,2,7,2,7083957.0,86,55851.0,- -,174119756,2012-11-14,5,12,14,3,5
12133,5,7,13,29,30,1,5,0,0.0,31,297198.0,- -,177867882,2012-11-12,2,6,16,1,4
12132,5,8,21,25,33,1,11,3,6760872.0,145,41009.0,- -,158224875,2012-11-10,3,13,4,8,10
12131,2,16,18,27,30,8,12,1,10000000.0,36,170216.0,- -,165300948,2012-11-07,14,2,9,3,4
12130,14,19,23,29,30,6,7,2,13130737.0,28,217172.0,- -,162055982,2012-11-05,5,4,6,1,1
12129,1,7,21,28,31,3,9,1,10000000.0,36,181057.0,- -,162359872,2012-11-03,6,14,7,3,6
12128,9,10,19,30,31,4,11,16,8000000.0,169,19200.0,- -,158101513,2012-10-31,1,9,11,1,7
12127,12,13,14,25,35,10,12,1,10000000.0,42,221486.0,- -,232101513,2012-10-29,1,1,11,10,2
12126,13,14,21,28,29,5,10,0,0.0,24,383446.0,- -,222582953,2012-10-27,1,7,7,1,5
12125,6,14,17,22,35,1,2,0,0.0,32,235073.0,- -,202092498,2012-10-24,8,3,5,13,1
12124,7,11,19,20,35,5,10,1,9732065.0,74,76016.0,- -,185343410,2012-10-22,4,8,1,15,5
12123,5,8,18,30,33,1,9,2,7423207.0,59,97537.0,- -,183245311,2012-10-20,3,10,12,3,8
12122,23,24,25,29,31,3,12,1,10000000.0,60,112555.0,- -,185975688,2012-10-17,1,1,4,2,9
12121,7,18,20,29,30,5,6,7,9275696.0,77,80416.0,- -,180675093,2012-10-15,11,2,9,1,1
12120,2,10,21,23,29,3,4,1,9920032.0,61,91428.0,- -,205781709,2012-10-13,8,11,2,6,1
12119,5,6,9,19,32,6,9,1,10000000.0,33,215790.0,- -,203401661,2012-10-10,1,3,10,13,3
12118,5,17,25,30,33,1,12,0,0.0,38,209857.0,- -,198330008,2012-10-08,12,8,5,3,11
12117,1,12,18,21,33,7,8,2,7174572.0,182,28494.0,- -,181213469,2012-10-06,11,6,3,12,1
12116,1,11,18,20,22,7,10,0,0.0,36,214238.0,- -,0,2012-10-03,10,7,2,2,3
12115,1,6,13,19,23,6,9,0,0.0,9,440674.0,- -,169023532,2012-10-01,5,7,6,4,3
12114,3,6,21,33,35,1,7,0,0.0,21,439464.0,- -,154150771,2012-09-29,3,15,12,2,6
12113,3,10,22,27,29,3,12,2,6159271.0,103,25923.0,- -,133756829,2012-09-26,7,12,5,2,9
12112,1,2,28,31,35,5,7,3,12014531.0,35,221608.0,- -,140279011,2012-09-24,1,26,3,4,2
12111,1,24,25,30,33,4,11,0,0.0,22,376345.0,- -,143493586,2012-09-22,23,1,5,3,7
12110,1,11,17,19,26,5,12,5,5832108.0,42,115569.0,- -,125852385,2012-09-19,10,6,2,7,7
12109,1,22,30,32,35,9,11,4,6225248.0,49,113153.0,- -,144611573,2012-09-17,21,8,2,3,2
12108,6,7,12,24,35,2,6,1,10000000.0,54,110352.0,- -,157260079,2012-09-15,1,5,12,11,4
12107,4,7,9,22,33,1,3,0,0.0,35,221812.0,- -,153914360,2012-09-12,3,2,13,11,2
12106,15,23,25,29,31,9,10,2,7920817.0,18,370896.0,- -,137174318,2012-09-10,8,2,4,2,1
12105,5,6,14,15,31,6,8,3,12418867.0,35,243928.0,- -,138411865,2012-09-08,1,8,1,16,2
12104,16,18,24,25,27,4,9,0,0.0,28,328393.0,- -,140640872,2012-09-05,2,6,1,2,5
12103,2,9,18,23,24,1,4,2,15461412.0,23,358505.0,- -,121552988,2012-09-03,7,9,5,1,3
12102,2,4,6,13,35,4,8,1,10000000.0,26,332790.0,- -,118360865,2012-09-01,2,2,7,22,4
12101,2,5,8,9,31,3,7,1,5000000.0,22,371128.0,- -,109329359,2012-08-29,3,3,1,22,4
12100,7,9,13,19,27,1,3,16,8479128.0,48,99817.0,- -,97280598,2012-08-27,2,4,6,8,2
12099,12,18,24,25,32,2,12,0,0.0,20,462739.0,- -,160992010,2012-08-25,6,6,1,7,10
12098,2,11,28,29,30,6,12,2,12305452.0,57,86649.0,- -,140602551,2012-08-22,9,17,1,1,6
12097,9,17,24,29,32,1,2,1,10000000.0,35,179507.0,- -,142144368,2012-08-20,8,7,5,3,1
12096,5,10,19,24,35,8,9,0,0.0,61,126020.0,- -,138933742,2012-08-18,5,9,5,11,1
12095,6,9,22,27,30,8,12,3,11616961.0,30,211803.0,- -,122925022,2012-08-15,3,13,5,3,4
12094,2,14,23,32,35,1,10,3,10739438.0,33,157230.0,- -,127108672,2012-08-13,12,9,9,3,9
12093,2,16,21,31,33,4,11,1,10000000.0,27,326691.0,- -,133431285,2012-08-11,14,5,10,2,7
12092,8,9,23,25,31,2,12,3,11253435.0,27,222019.0,- -,124289219,2012-08-08,1,14,2,6,10
12091,3,10,28,31,33,1,9,2,12674385.0,31,167315.0,- -,129358969,2012-08-06,7,18,3,2,8
12090,2,21,27,29,33,2,10,1,10000000.0,42,160532.0,- -,130347386,2012-08-04,19,6,2,4,8
12089,6,12,21,29,32,6,11,0,0.0,31,254756.0,- -,125297322,2012-08-01,6,9,8,3,5
12088,13,17,24,30,35,2,10,2,7856000.0,19,358400.0,- -,108698300,2012-07-30,4,7,6,5,8
12087,1,6,7,21,31,4,11,1,5000000.0,22,418116.0,- -,110130296,2012-07-28,5,1,14,10,7
12086,3,20,25,29,32,5,10,0,0.0,19,322451.0,- -,95922991,2012-07-25,17,5,4,3,5
12085,7,18,29,31,33,10,12,11,8752302.0,36,135472.0,- -,82168393,2012-07-23,11,11,2,2,2
12084,21,24,27,29,31,1,2,2,15637891.0,36,239619.0,- -,122538709,2012-07-21,3,3,2,2,1
12083,16,19,28,29,31,5,8,1,10000000.0,30,226073.0,- -,119081870,2012-07-18,3,9,1,2,3
12082,2,4,9,10,15,8,10,2,8572096.0,31,278118.0,- -,114033805,2012-07-16,2,5,1,5,2
12081,10,16,17,30,35,1,8,2,15261700.0,51,172128.0,- -,113317516,2012-07-14,6,1,13,5,7
12080,11,12,14,25,28,2,5,0,0.0,25,335880.0,- -,110424961,2012-07-11,1,2,11,3,3
12079,1,5,25,32,33,1,10,1,5000000.0,11,421285.0,- -,92633784,2012-07-09,4,20,7,1,9
12078,1,2,23,25,35,5,12,4,5000000.0,47,171889.0,- -,80255739,2012-07-07,1,21,2,10,7
12077,10,30,32,33,34,2,3,6,8000000.0,155,19200.0,- -,82771249,2012-07-04,20,2,1,1,1
12076,2,14,16,22,24,2,5,0,0.0,15,606236.0,- -,110771249,2012-07-02,12,2,6,2,3
12075,7,9,10,18,22,5,10,0,0.0,31,288926.0,- -,90026538,2012-06-30,2,1,8,4,5
12074,10,22,23,30,32,1,7,50,5124457.0,58,123836.0,- -,70930242,2012-06-27,12,1,7,2,6
12073,18,23,29,33,34,2,7,1,10000000.0,26,248588.0,- -,311595963,2012-06-25,5,6,4,1,5
12072,4,8,17,22,25,4,10,0,0.0,29,316878.0,- -,306680564,2012-06-23,4,9,5,3,6
12071,13,23,29,31,34,6,8,4,11380051.0,41,190760.0,- -,286925096,2012-06-20,10,6,2,3,2
12070,9,22,23,32,34,6,8,0,0.0,33,220761.0,- -,292784939,2012-06-18,13,1,9,2,2
12069,2,4,22,25,34,2,11,1,10000000.0,17,619236.0,- -,276745169,2012-06-16,2,18,3,9,9
12068,1,21,31,32,35,3,6,0,0.0,88,38112.0,- -,263814038,2012-06-13,20,10,1,3,3
12067,20,22,27,30,33,1,2,1,10000000.0,26,346937.0,- -,256596305,2012-06-11,2,5,3,3,1
12066,1,20,25,29,33,4,6,0,0.0,27,348521.0,- -,247731515,2012-06-09,19,5,4,4,2
12065,10,22,28,29,34,5,11,2,7656219.0,44,132396.0,- -,227963752,2012-06-06,12,6,1,5,6
12064,9,12,13,15,30,9,10,2,15305809.0,29,292964.0,- -,229995094,2012-06-04,3,1,2,15,1
12063,11,25,26,29,35,1,2,2,7896195.0,55,123078.0,- -,227036376,2012-06-02,14,1,3,6,1
12062,21,32,33,34,35,8,9,32,8000000.0,582,19200.0,- -,228347790,2012-05-30,11,1,1,1,1
12061,5,10,14,27,33,7,9,2,8270453.0,87,87430.0,- -,384347790,2012-05-28,5,4,13,6,2
12060,2,16,21,24,30,6,10,2,16000000.0,28,347188.0,- -,384536427,2012-05-26,14,5,3,6,4
12059,9,13,19,21,27,3,4,4,7176230.0,32,322403.0,- -,379705028,2012-05-23,4,6,2,6,1
12058,13,21,29,31,35,4,12,4,10236187.0,72,71414.0,- -,386647639,2012-05-21,8,8,2,4,8
12057,1,2,14,33,34,3,5,1,10000000.0,28,326048.0,- -,395939072,2012-05-19,1,12,19,1,2
12056,11,21,23,26,34,7,9,2,7996485.0,28,242139.0,- -,386376159,2012-05-16,10,2,3,8,2
12055,7,22,26,32,33,1,8,2,7012551.0,78,60985.0,- -,387386703,2012-05-14,15,4,6,1,7
12054,1,16,18,27,30,10,11,4,11957059.0,14,639524.0,- -,391349045,2012-05-12,15,2,9,3,1
12053,11,12,26,28,31,7,12,0,0.0,23,357216.0,- -,395477861,2012-05-09,1,14,2,3,5
12052,10,20,26,31,33,10,12,1,10000000.0,31,266048.0,- -,377226308,2012-05-07,10,6,5,2,2
12051,1,2,17,18,33,5,12,1,10000000.0,28,373280.0,- -,370141010,2012-05-05,1,15,1,15,7
12050,13,17,22,28,29,1,10,2,8012098.0,37,185716.0,- -,357744136,2012-05-02,4,5,6,1,9
12049,9,18,22,27,31,10,12,0,0.0,29,242668.0,- -,358707839,2012-04-30,9,4,5,4,2
12048,6,9,26,30,35,5,6,4,9672065.0,92,47545.0,- -,343351390,2012-04-28,3,17,4,5,1
12047,5,7,17,30,34,3,10,0,0.0,18,349542.0,- -,355708159,2012-04-25,2,10,13,4,7
12046,4,8,19,23,27,4,11,0,0.0,32,222024.0,- -,342272592,2012-04-23,4,11,4,4,7
12045,5,11,17,20,28,11,12,2,14722286.0,121,66763.0,- -,327494107,2012-04-21,6,6,3,8,1
12044,3,4,14,32,35,1,2,4,11696601.0,11,504082.0,- -,325410674,2012-04-18,1,10,18,3,1
12043,1,6,25,31,34,3,9,0,0.0,26,248416.0,- -,330934635,2012-04-16,5,19,6,3,6
12042,7,24,27,28,35,7,12,5,10582278.0,41,191278.0,- -,317892751,2012-04-14,17,3,1,7,5
12041,1,2,13,22,23,2,10,2,15873288.0,38,249945.0,- -,328725027,2012-04-11,1,11,9,1,8
12040,2,13,23,28,29,1,5,0,0.0,41,223497.0,- -,324915094,2012-04-09,11,10,5,1,4
12039,15,21,22,24,35,1,5,3,7811240.0,99,107864.0,- -,305743107,2012-04-07,6,1,2,11,4
12038,11,23,25,31,35,1,3,0,0.0,14,680340.0,- -,308092525,2012-04-04,12,2,6,4,2
12037,9,13,27,31,35,3,10,0,0.0,38,160060.0,- -,288320107,2012-04-02,4,14,4,4,7
12036,1,9,20,30,31,8,12,0,0.0,90,98945.0,- -,275715296,2012-03-31,8,11,10,1,4
12035,1,4,30,32,35,8,12,3,7421871.0,31,267240.0,- -,255400272,2012-03-28,3,26,2,3,4
12034,1,8,15,16,29,8,9,3,12361830.0,24,350022.0,- -,259501847,2012-03-26,7,7,1,13,1
12033,8,13,19,27,32,1,8,0,0.0,57,168561.0,- -,261869884,2012-03-24,5,6,8,5,7
12032,7,8,16,26,34,7,11,0,0.0,60,157505.0,- -,241879359,2012-03-21,1,8,10,8,4
12031,19,21,23,25,30,3,8,3,12421718.0,22,375700.0,- -,222387989,2012-03-19,2,2,2,5,5
12030,3,21,22,26,32,1,3,1,10000000.0,16,587929.0,- -,224610048,2012-03-17,18,1,4,6,2
12029,4,7,8,18,29,7,10,0,0.0,34,201059.0,- -,213113822,2012-03-14,3,1,10,11,3
12028,10,12,15,33,34,3,10,0,0.0,40,97225.0,- -,198411361,2012-03-12,2,3,18,1,7
12027,3,10,11,22,31,5,7,6,6159670.0,48,167158.0,- -,189752158,2012-03-10,7,1,11,9,2
12026,10,11,22,23,29,2,9,3,8879660.0,67,24513.0,- -,209315120,2012-03-07,1,11,1,6,7
12025,1,2,5,12,27,4,7,1,10000000.0,43,222681.0,- -,220170940,2012-03-05,1,3,7,15,3
12024,3,11,17,21,30,3,7,7,9755308.0,56,141704.0,- -,210442692,2012-03-03,8,6,4,9,4
12023,7,9,17,29,35,9,10,2,8513649.0,35,235715.0,- -,231239956,2012-02-29,2,8,12,6,1
12022,7,12,20,33,35,1,10,3,6746733.0,89,70043.0,- -,230699005,2012-02-27,5,8,13,2,9
12021,10,15,21,31,34,7,8,3,7621507.0,29,306160.0,- -,237838706,2012-02-25,5,6,10,3,1
12020,12,14,27,29,34,3,6,1,10000000.0,35,245795.0,- -,241041919,2012-02-22,2,13,2,5,3
12019,7,9,17,30,34,1,12,1,10000000.0,22,322278.0,- -,232722464,2012-02-20,2,8,13,4,11
12018,3,10,14,29,31,4,8,0,0.0,28,377409.0,- -,227011384,2012-02-18,7,4,15,2,4
12017,6,11,22,29,34,3,12,19,8000000.0,460,19200.0,- -,205074410,2012-02-15,5,11,7,5,9
12016,5,14,20,29,31,8,12,0,0.0,32,263728.0,- -,294074410,2012-02-13,9,6,9,2,4
12015,12,13,24,26,33,6,8,3,7045244.0,44,163619.0,- -,275778245,2012-02-11,1,11,2,7,2
12014,10,14,24,30,32,1,12,2,8453986.0,24,323179.0,- -,281574644,2012-02-08,4,10,6,2,11
12013,7,8,11,12,24,1,2,12,9169092.0,35,254704.0,- -,281212681,2012-02-06,1,3,1,12,1
12012,6,18,22,30,35,2,7,2,9001754.0,42,231985.0,- -,320252410,2012-02-04,12,4,8,5,5
12011,5,19,22,29,30,2,4,1,10000000.0,45,145620.0,- -,318247147,2012-02-01,14,3,7,1,2
12010,25,26,29,32,34,5,7,0,0.0,42,163452.0,- -,314253773,2012-01-30,1,3,3,2,2
12009,6,14,20,29,35,9,10,1,10000000.0,43,218616.0,- -,299389761,2012-01-21,8,6,9,6,1
12008,6,8,30,31,32,1,11,1,10000000.0,63,97129.0,- -,289611772,2012-01-18,2,22,1,1,10
12007,4,5,13,17,25,7,10,1,10000000.0,51,146611.0,- -,286271587,2012-01-16,1,8,4,8,3
12006,3,20,22,25,27,1,9,1,10000000.0,39,261241.0,- -,280396272,2012-01-14,17,2,3,2,8
12005,1,2,29,31,33,7,12,0,0.0,42,164076.0,- -,268966261,2012-01-11,1,27,2,2,5
12004,10,11,22,31,32,6,7,0,0.0,41,163158.0,- -,254045459,2012-01-09,1,11,9,1,1
12003,16,22,24,33,34,3,10,2,8677334.0,21,233481.0,- -,239743471,2012-01-07,6,2,9,1,7
12002,3,11,14,26,29,7,8,1,10000000.0,41,168486.0,- -,238711466,2012-01-04,8,3,12,3,1
12001,7,27,28,32,33,1,12,7,8414427.0,165,19200.0,- -,234100467,2012-01-02,20,1,4,1,11
11154,4,12,16,20,28,8,11,0,0.0,30,297672.0,- -,262691603,2011-12-31,8,4,4,8,3
11153,6,22,29,30,35,3,5,0,0.0,53,130014.0,- -,243156811,2011-12-28,16,7,1,5,2
11152,1,4,6,21,35,2,11,0,0.0,18,447451.0,- -,228103496,2011-12-26,3,2,15,14,9
11151,7,11,14,20,27,3,10,3,12916784.0,39,249193.0,- -,210904537,2011-12-24,4,3,6,7,7
11150,13,22,30,33,34,6,12,7,5108847.0,114,19200.0,- -,211919872,2011-12-21,9,8,3,1,6
11149,2,7,12,29,31,3,5,1,10000000.0,26,331292.0,- -,245776977,2011-12-19,5,5,17,2,2
11148,7,10,11,26,31,3,4,2,7834174.0,62,108744.0,- -,236831159,2011-12-17,3,1,15,5,1
11147,1,15,16,27,28,2,7,1,10000000.0,39,260790.0,- -,238328635,2011-12-14,14,1,11,1,5
11146,9,13,19,29,34,2,11,0,0.0,45,211696.0,- -,227180037,2011-12-12,4,6,10,5,9
11145,7,15,19,24,29,4,6,1,10000000.0,77,131737.0,- -,208226606,2011-12-10,8,4,5,5,2
11144,7,18,24,28,33,2,3,0,0.0,70,80832.0,- -,197910066,2011-12-07,11,6,4,5,1
11143,8,9,12,25,33,7,10,1,10000000.0,39,186936.0,- -,186088213,2011-12-05,1,3,13,8,3
11142,4,26,30,33,34,4,6,5,10667108.0,27,303572.0,- -,180227762,2011-12-03,22,4,3,1,2
11141,2,11,19,22,35,10,12,2,7002109.0,95,50486.0,- -,190726011,2011-11-30,9,8,3,13,2
11140,1,12,32,33,34,9,11,4,10200992.0,56,93908.0,- -,194719682,2011-11-28,11,20,1,1,2
11139,4,6,10,15,16,3,4,1,10000000.0,30,343540.0,- -,204116699,2011-11-26,2,4,5,1,1
11138,17,23,26,30,32,6,12,5,10059556.0,50,122176.0,- -,192215936,2011-11-23,6,3,4,2,6
11137,2,15,18,23,31,1,2,0,0.0,33,243176.0,- -,205106425,2011-11-21,13,3,5,8,1
11136,8,9,11,19,33,3,12,2,16000000.0,16,580457.0,- -,187894014,2011-11-19,1,2,8,14,9
11135,6,22,29,33,35,3,12,1,10000000.0,31,258408.0,- -,183215202,2011-11-16,16,7,4,2,9
11134,1,10,12,14,17,9,10,0,0.0,20,487107.0,- -,176136024,2011-11-14,9,2,2,3,1
11133,4,11,23,26,35,3,12,8,9535870.0,73,108732.0,- -,155586179,2011-11-12,7,12,3,9,9
11132,12,14,16,19,33,2,9,1,10000000.0,23,362617.0,- -,181219052,2011-11-09,2,2,3,14,7
11131,3,5,12,18,33,7,11,1,10000000.0,37,175960.0,- -,173711416,2011-11-07,2,7,6,15,4
11130,8,9,13,23,35,11,12,2,15248966.0,23,375350.0,- -,169772009,2011-11-05,1,4,10,12,1
11129,1,7,13,18,23,4,8,0,0.0,51,193513.0,- -,166898558,2011-11-02,6,6,5,5,4
11128,3,4,6,11,13,1,2,0,0.0,32,292078.0,- -,147214578,2011-10-31,1,2,5,2,1
11127,1,11,22,26,29,5,8,1,10000000.0,27,238222.0,- -,126403896,2011-10-29,10,11,4,3,3
11126,7,17,29,30,33,10,12,2,6714788.0,85,45841.0,- -,121775456,2011-10-26,10,12,1,3,2
11125,7,10,27,34,35,10,12,0,0.0,35,238036.0,- -,126631088,2011-10-24,3,17,7,1,2
11124,8,12,14,20,25,6,8,0,0.0,44,202097.0,- -,109336208,2011-10-22,4,2,6,5,2
11123,10,14,18,19,35,1,6,2,5000000.0,44,128707.0,- -,90578986,2011-10-19,4,4,1,16,5
11122,3,8,23,24,34,5,12,3,5000000.0,48,149137.0,- -,88150642,2011-10-17,5,15,1,10,7
11121,2,3,30,31,33,3,9,0,0.0,39,201483.0,- -,88050408,2011-10-15,1,27,1,2,6
11120,20,25,26,30,31,9,10,16,8485668.0,52,89499.0,- -,70955762,2011-10-12,5,1,4,1,1
11119,4,15,20,26,31,6,12,0,0.0,45,200651.0,- -,132763457,2011-10-10,11,5,6,5,6
11118,4,7,11,32,35,5,7,0,0.0,34,266072.0,- -,113105840,2011-10-08,3,4,21,3,2
11117,10,12,28,32,33,3,5,1,5000000.0,55,56332.0,- -,93150429,2011-10-05,2,16,4,1,2
11116,10,15,18,19,26,7,12,0,0.0,17,433707.0,- -,91469633,2011-10-03,5,3,1,7,5
11115,17,26,30,31,35,6,11,0,0.0,27,296481.0,- -,75408885,2011-10-01,9,4,1,4,5
11114,6,8,17,27,35,2,11,0,0.0,33,220270.0,- -,59148718,2011-09-28,2,9,10,8,9
11113,4,5,7,10,12,4,5,2,5000000.0,19,419334.0,- -,43144622,2011-09-26,1,2,3,2,1
11112,6,17,28,32,33,8,12,0,0.0,101,47825.0,- -,36043587,2011-09-24,11,11,4,1,4
11111,2,11,13,23,31,11,12,0,0.0,26,302628.0,- -,25888039,2011-09-21,9,2,10,8,1
11110,30,31,33,34,35,4,7,84,1109740.0,1380,19200.0,- -,0,2011-09-19,1,2,1,1,3
11109,1,11,12,22,34,8,10,1,5000000.0,34,277788.0,- -,52990177,2011-09-17,10,1,10,12,2
11108,7,15,18,24,28,1,7,0,0.0,30,258524.0,- -,38197639,2011-09-14,8,3,6,4,6
11107,2,6,18,30,32,1,8,6,5000000.0,51,98920.0,- -,989564,2011-09-12,4,12,12,2,7
11106,1,9,29,30,35,5,9,15,7095200.0,174,26716.0,- -,0,2011-09-10,8,20,1,5,4
11105,2,11,26,32,33,5,12,0,0.0,23,404201.0,- -,47353889,2011-09-07,9,15,6,1,7
11104,7,19,27,28,34,2,5,2,5000000.0,105,43977.0,- -,27080587,2011-09-05,12,8,1,6,3
11103,3,4,26,29,34,1,3,4,8000000.0,41,227068.0,- -,27371055,2011-09-03,1,22,3,5,2
11102,19,24,28,31,34,4,12,1,5000000.0,23,320955.0,- -,25254149,2011-08-31,5,4,3,3,8
11101,5,12,20,28,30,3,7,63,8137971.0,287,19888.0,- -,14156217,2011-08-29,7,8,8,2,4
11100,8,11,13,28,33,8,9,2,14818388.0,72,115076.0,- -,260611163,2011-08-27,3,2,15,5,1
11099,2,6,9,12,20,5,8,2,8522871.0,30,272299.0,- -,258383576,2011-08-24,4,3,3,8,3
11098,6,7,28,33,35,1,10,2,8656154.0,38,219094.0,- -,257814962,2011-08-22,1,21,5,2,9
11097,4,19,28,31,33,11,12,1,10000000.0,29,326824.0,- -,256846500,2011-08-20,15,9,3,2,1
11096,3,8,20,24,25,1,2,2,8451117.0,98,84430.0,- -,245245462,2011-08-17,5,12,4,1,1
11095,9,12,17,19,29,6,11,1,9601015.0,87,60889.0,- -,244892108,2011-08-15,3,5,2,10,5
11094,11,21,22,32,34,4,8,4,6714576.0,77,105409.0,- -,242990584,2011-08-13,10,1,10,2,4
11093,4,6,8,19,31,10,11,0,0.0,26,333430.0,- -,252703120,2011-08-10,2,2,11,12,1
11092,10,17,19,32,33,1,12,2,8383140.0,42,194014.0,- -,234885420,2011-08-08,7,2,13,1,11
11091,11,17,23,29,30,6,8,1,10000000.0,82,129408.0,- -,234735997,2011-08-06,6,6,6,1,2
11090,2,4,29,30,34,5,8,0,0.0,23,294649.0,- -,223262272,2011-08-03,2,25,1,4,3
11089,5,6,23,27,34,3,4,0,0.0,27,381660.0,- -,207931278,2011-08-01,1,17,4,7,1
11088,20,21,27,29,35,3,8,4,7050900.0,31,293640.0,- -,184852679,2011-07-30,1,6,2,6,5
11087,6,13,20,25,34,7,9,3,9880547.0,96,36057.0,- -,192547274,2011-07-27,7,7,5,9,2
11086,4,5,6,9,15,1,6,0,0.0,27,357467.0,- -,200963433,2011-07-25,1,1,3,6,5
11085,2,17,19,21,22,3,10,6,9721056.0,35,194704.0,- -,181023381,2011-07-23,15,2,2,1,7
11084,14,29,31,34,35,1,12,0,0.0,62,133208.0,- -,199987836,2011-07-20,15,2,3,1,11
11083,6,8,18,20,24,4,8,2,7660870.0,91,67737.0,- -,182379281,2011-07-18,2,10,2,4,4
11082,7,20,25,30,32,5,9,6,10659988.0,35,276086.0,- -,184396669,2011-07-16,13,5,5,2,4
11081,4,13,20,21,35,2,9,0,0.0,39,207011.0,- -,197429220,2011-07-13,9,7,1,14,7
11080,5,12,30,31,32,1,3,0,0.0,49,177267.0,- -,180641784,2011-07-11,7,18,1,1,2
11079,1,3,23,30,31,2,10,1,10000000.0,29,440593.0,- -,162610282,2011-07-09,2,20,7,1,8
11078,4,9,16,27,30,2,6,3,12226737.0,93,89563.0,- -,146794221,2011-07-06,5,7,11,3,4
11077,5,8,19,33,34,1,12,1,10000000.0,50,180632.0,- -,149491545,2011-07-04,3,11,14,1,11
11076,18,23,25,29,30,1,2,2,9353637.0,32,318073.0,- -,140694437,2011-07-02,5,2,4,1,1
11075,6,9,20,23,28,6,10,3,8091523.0,23,480235.0,- -,137633524,2011-06-29,3,11,3,5,4
11074,7,16,23,28,31,3,6,46,8256894.0,222,33891.0,- -,138721670,2011-06-27,9,7,5,3,3
11073,13,19,20,22,33,5,11,3,12428705.0,57,149345.0,- -,317666106,2011-06-25,6,1,2,11,6
11072,3,11,13,20,35,3,8,0,0.0,35,262134.0,- -,319871133,2011-06-22,8,2,7,15,5
11071,27,31,33,34,35,4,6,2,5998038.0,217,19200.0,- -,299596663,2011-06-20,4,2,1,1,2
11070,9,19,22,29,30,2,8,16,8209406.0,175,19200.0,- -,306602546,2011-06-18,10,3,7,1,6
11069,3,5,28,29,33,4,12,3,11997553.0,80,98424.0,- -,377697008,2011-06-15,2,23,1,4,8
11068,1,13,16,18,32,7,9,1,10000000.0,11,987401.0,- -,380952965,2011-06-13,12,3,2,14,2
11067,10,17,22,24,32,3,10,8,8870963.0,116,37675.0,- -,367347891,2011-06-11,7,5,2,8,7
11066,6,13,18,20,33,9,10,0,0.0,48,204612.0,- -,395795484,2011-06-08,7,5,2,13,1
11065,3,11,14,25,34,1,4,1,10000000.0,38,291270.0,- -,375078277,2011-06-06,8,3,11,9,3
11064,1,6,27,30,34,1,6,2,16000000.0,28,482152.0,- -,362140610,2011-06-04,5,21,3,4,5
11063,10,17,18,26,32,1,5,0,0.0,35,290091.0,- -,348759449,2011-06-01,7,1,8,6,4
11062,6,10,17,20,21,3,7,3,13735528.0,29,379449.0,- -,326866617,2011-05-30,4,7,3,1,4
11061,6,7,16,18,20,4,10,4,12934083.0,29,451976.0,- -,325886265,2011-05-28,1,9,2,2,6
11060,3,25,29,32,34,9,10,3,12615400.0,43,205128.0,- -,327233734,2011-05-25,22,4,3,2,1
11059,9,16,21,29,34,7,10,0,0.0,36,326651.0,- -,328983692,2011-05-23,7,5,8,5,3
11058,1,9,27,32,33,3,6,27,8000000.0,271,19200.0,- -,303872297,2011-05-21,8,18,5,1,3
11057,7,11,30,31,34,9,12,1,10000000.0,37,298118.0,- -,426872297,2011-05-18,4,19,1,3,3
11056,3,5,29,30,31,8,10,4,11913960.0,85,120737.0,- -,414373623,2011-05-16,2,24,1,1,2
11055,1,7,31,32,35,2,10,0,0.0,51,248427.0,- -,419164003,2011-05-14,6,24,1,3,8
11054,5,9,16,26,35,3,10,0,0.0,42,220356.0,- -,392030969,2011-05-11,4,7,10,9,7
11053,3,16,28,31,32,1,9,0,0.0,15,684523.0,- -,372405323,2011-05-09,13,12,3,1,8
11052,13,24,31,32,33,3,9,4,6520277.0,55,131305.0,- -,349623523,2011-05-07,11,7,1,1,6
11051,6,8,12,17,18,5,10,2,8303466.0,24,320336.0,- -,360501853,2011-05-04,2,4,5,1,5
11050,4,7,29,32,33,8,10,1,10000000.0,46,135995.0,- -,360591452,2011-05-02,3,22,3,1,2
11049,5,6,10,22,25,1,9,3,11613884.0,46,145000.0,- -,357714362,2011-04-30,1,4,12,3,8
11048,13,17,25,27,28,2,3,5,5000000.0,340,19200.0,- -,361905515,2011-04-27,4,8,2,1,1
11047,2,15,22,33,35,5,8,1,10000000.0,14,513454.0,- -,386905515,2011-04-25,13,7,11,2,3
11046,9,15,16,19,29,4,6,4,11083275.0,136,52038.0,- -,381020504,2011-04-23,6,1,3,10,2
11045,13,21,22,29,31,7,11,0,0.0,43,169755.0,- -,387770674,2011-04-20,8,1,7,2,4
11044,11,21,24,26,31,6,7,0,0.0,56,81321.0,- -,371458144,2011-04-18,10,3,2,5,1
11043,2,8,23,33,35,5,10,0,0.0,93,55137.0,- -,361242100,2011-04-16,6,15,10,2,5
11042,6,9,18,30,32,10,12,1,10000000.0,56,152067.0,- -,349947313,2011-04-13,3,9,12,2,2
11041,4,5,11,13,25,3,6,4,11236835.0,32,269736.0,- -,341699221,2011-04-11,1,6,2,12,3
11040,3,7,15,18,20,1,6,0,0.0,23,419859.0,- -,348774894,2011-04-09,4,8,3,2,5
11039,1,11,14,22,34,6,8,2,8645112.0,20,422620.0,- -,327322701,2011-04-06,10,3,8,12,2
11038,7,9,11,13,33,10,12,2,15630182.0,20,442328.0,- -,326387365,2011-04-04,2,2,2,20,2
11037,1,12,14,22,24,10,12,1,10000000.0,25,364940.0,- -,322942088,2011-04-02,11,2,8,2,2
11036,3,18,29,30,33,8,9,0,0.0,21,315398.0,- -,313269458,2011-03-30,15,11,1,3,1
11035,3,4,13,15,32,4,9,0,0.0,13,680488.0,- -,298041572,2011-03-28,1,9,2,17,5
11034,3,6,9,17,27,3,9,0,0.0,40,274300.0,- -,279221801,2011-03-26,3,3,8,10,6
11033,3,19,24,29,33,3,9,2,14418148.0,23,332331.0,- -,256334761,2011-03-23,16,5,5,4,6
11032,7,16,23,31,33,3,10,1,10000000.0,47,148524.0,- -,254707534,2011-03-21,9,7,8,2,7
11031,12,17,19,22,35,4,11,0,0.0,30,276155.0,- -,250852819,2011-03-19,5,2,3,13,7
11030,15,19,25,30,33,3,8,11,8000000.0,139,19200.0,- -,232471208,2011-03-16,4,6,5,3,5
11029,3,9,17,24,28,6,12,3,12008334.0,36,206777.0,- -,283471208,2011-03-14,6,8,7,4,6
11028,1,2,13,17,28,1,4,0,0.0,40,237132.0,- -,286700891,2011-03-12,1,11,4,11,3
11027,5,14,25,34,35,2,5,3,6956120.0,77,88161.0,- -,266248099,2011-03-09,9,11,9,1,3
11026,1,9,15,20,29,7,9,0,0.0,16,512912.0,- -,272445556,2011-03-07,8,6,5,9,2
11025,8,9,25,28,29,2,10,1,10000000.0,61,129753.0,- -,254653894,2011-03-05,1,16,3,1,8
11024,12,15,16,20,33,8,12,1,10000000.0,25,352318.0,- -,247441137,2011-03-02,3,1,4,13,4
11023,5,13,16,18,24,2,12,2,15640441.0,22,415804.0,- -,238779266,2011-02-28,8,3,2,6,10
11022,9,14,24,25,34,1,4,0,0.0,32,267230.0,- -,235318601,2011-02-26,5,10,1,9,3
11021,1,9,13,17,30,2,8,0,0.0,41,133913.0,- -,216528880,2011-02-23,8,4,4,13,6
11020,9,12,19,22,28,1,5,0,0.0,34,190510.0,- -,204915970,2011-02-21,3,7,3,6,4
11019,8,21,23,27,33,6,11,4,9311219.0,71,47825.0,- -,190984829,2011-02-19,13,2,4,6,5
11018,16,22,24,32,34,2,10,0,0.0,17,387515.0,- -,204559462,2011-02-16,6,2,8,2,8
11017,16,19,24,26,31,2,4,0,0.0,21,275505.0,- -,190209245,2011-02-14,3,5,2,5,2
11016,15,20,30,33,35,6,9,0,0.0,43,137915.0,- -,177165752,2011-02-12,5,10,3,2,3
11015,8,18,19,22,23,1,3,0,0.0,30,137374.0,- -,164947287,2011-02-09,10,1,3,1,2
11014,2,14,20,21,24,2,9,0,0.0,17,407316.0,- -,155416933,2011-01-31,12,6,1,3,7
11013,5,8,14,28,30,4,6,0,0.0,44,137928.0,- -,139951606,2011-01-29,3,6,14,2,2
11012,3,12,19,25,30,8,11,2,6806047.0,51,82680.0,- -,0,2011-01-26,9,7,6,5,3
11011,2,17,23,24,30,2,9,0,0.0,29,180286.0,- -,0,2011-01-24,15,6,1,6,7
11010,4,8,10,14,27,5,7,0,0.0,18,434587.0,- -,0,2011-01-22,4,2,4,13,2
11009,9,10,11,14,24,3,8,1,5000000.0,17,275560.0,- -,0,2011-01-19,1,1,3,10,5
11008,1,23,26,27,30,5,6,3,10764958.0,45,108428.0,- -,98414874,2011-01-17,22,3,1,3,1
11007,14,24,32,33,35,2,9,0,0.0,62,82190.0,- -,0,2011-01-15,10,8,1,2,7
11006,2,8,16,26,35,11,12,16,8758433.0,49,154830.0,- -,93810617,2011-01-12,6,8,10,9,1
11005,1,7,25,27,30,7,12,0,0.0,15,553907.0,- -,0,2011-01-10,6,18,2,3,5
11004,7,8,10,23,25,7,9,0,0.0,27,235884.0,- -,0,2011-01-08,1,2,13,2,2
11003,1,24,27,30,31,1,6,1,9782435.0,28,190345.0,- -,0,2011-01-05,23,3,3,1,5
11002,11,13,27,28,29,2,6,0,0.0,108,36340.0,- -,0,2011-01-03,2,14,1,1,4
11001,7,8,15,32,34,5,12,2,7506561.0,43,133017.0,- -,0,2011-01-01,1,7,17,2,7
10153,6,7,16,24,35,4,6,1,10000000.0,34,171126.0,- -,0,2010-12-29,1,9,8,11,2
10152,2,5,18,22,23,7,12,1,5000000.0,46,147868.0,- -,0,2010-12-27,3,13,4,1,5
10151,1,10,32,33,35,3,8,17,8451384.0,95,48667.0,- -,0,2010-12-25,9,22,1,2,5
10150,5,24,28,29,35,1,9,0,0.0,16,367500.0,- -,0,2010-12-22,19,4,1,6,8
10149,5,22,24,25,30,1,6,2,13602112.0,25,255366.0,- -,0,2010-12-20,17,2,1,5,5
10148,3,4,8,10,35,2,6,0,0.0,23,315715.0,- -,0,2010-12-18,1,4,2,25,4
10147,1,15,19,21,23,11,12,0,0.0,15,479950.0,- -,0,2010-12-15,14,4,2,2,1
10146,14,17,30,31,34,4,10,0,0.0,40,97209.0,- -,0,2010-12-13,3,13,1,3,6
10145,18,19,27,28,33,3,6,6,8966036.0,47,83872.0,- -,0,2010-12-11,1,8,1,5,3
10144,2,11,16,22,31,10,11,0,0.0,20,375571.0,- -,0,2010-12-08,9,5,6,9,1
10143,10,16,18,22,27,6,8,2,7695984.0,22,271292.0,- -,0,2010-12-06,6,2,4,5,2
10142,10,11,19,21,27,4,6,1,10000000.0,38,170102.0,- -,0,2010-12-04,1,8,2,6,2
10141,5,11,17,23,33,3,10,4,9977724.0,97,55841.0,- -,0,2010-12-01,6,6,6,10,7
10140,6,18,20,30,31,3,6,0,0.0,55,64854.0,- -,0,2010-11-29,12,2,10,1,3
10139,3,13,16,19,29,7,9,5,10224240.0,45,153395.0,- -,0,2010-11-27,10,3,3,10,2
10138,8,12,14,19,27,5,6,3,6430176.0,51,98208.0,- -,0,2010-11-24,4,2,5,8,1
10137,22,27,28,33,35,9,11,6,5292116.0,65,29864.0,- -,0,2010-11-22,5,1,5,2,2
10136,3,13,18,30,33,7,8,3,11418288.0,101,69705.0,- -,0,2010-11-20,10,5,12,3,1
10135,14,17,19,26,32,3,4,0,0.0,18,402736.0,- -,0,2010-11-17,3,2,7,6,1
10134,9,12,13,19,30,4,5,1,6676733.0,103,19200.0,- -,0,2010-11-15,3,1,6,11,1
10133,11,16,17,21,22,3,6,1,10000000.0,16,497449.0,- -,0,2010-11-13,5,1,4,1,3
10132,18,21,23,25,29,6,11,1,10000000.0,12,572120.0,- -,0,2010-11-10,3,2,2,4,5
10131,10,15,22,28,29,4,12,0,0.0,23,295635.0,- -,0,2010-11-08,5,7,6,1,8
10130,5,6,9,10,34,8,11,0,0.0,28,223689.0,- -,0,2010-11-06,1,3,1,24,3
10129,14,15,24,25,26,3,7,4,8667489.0,112,19200.0,- -,0,2010-11-03,1,9,1,1,4
10128,6,17,19,29,35,2,8,6,8538883.0,59,37393.0,- -,0,2010-11-01,11,2,10,6,6
10127,3,22,24,30,33,4,10,1,9402165.0,11,479147.0,- -,0,2010-10-30,19,2,6,3,6
10126,3,5,9,13,33,5,11,0,0.0,8,739497.0,- -,0,2010-10-27,2,4,4,20,6
10125,1,7,9,14,19,9,12,0,0.0,14,484094.0,- -,0,2010-10-25,6,2,5,5,3
10124,1,9,27,29,34,1,6,0,0.0,17,365596.0,- -,0,2010-10-23,8,18,2,5,5
10123,18,20,30,32,33,1,11,2,5996047.0,52,45403.0,- -,0,2010-10-20,2,10,2,1,10
10122,5,6,11,13,26,2,7,4,10423208.0,13,476696.0,- -,0,2010-10-18,1,5,2,13,5
10121,21,22,31,32,34,2,12,4,10692667.0,50,139275.0,- -,0,2010-10-16,1,9,1,2,10
10120,8,10,18,34,35,6,10,5,9645524.0,39,136385.0,- -,0,2010-10-13,2,8,16,1,4
10119,5,13,14,23,26,2,3,0,0.0,60,116248.0,- -,0,2010-10-11,8,1,9,3,1
10118,19,22,23,29,35,8,10,3,10402414.0,27,158937.0,- -,0,2010-10-09,3,1,6,6,2
10117,4,6,21,27,34,5,9,1,8198920.0,19,187481.0,- -,0,2010-10-06,2,15,6,7,4
10116,14,22,27,28,35,4,10,0,0.0,30,141304.0,- -,0,2010-10-04,8,5,1,7,6
10115,5,7,10,15,32,3,8,2,14122894.0,15,487393.0,- -,0,2010-10-02,2,3,5,17,5
10114,3,7,22,25,35,3,11,0,0.0,18,366849.0,- -,0,2010-09-29,4,15,3,10,8
10113,5,16,22,23,32,4,10,1,7297103.0,77,34316.0,- -,0,2010-09-27,11,6,1,9,6
10112,14,15,18,34,35,8,10,0,0.0,51,115528.0,- -,0,2010-09-25,1,3,16,1,2
10111,3,6,13,14,29,1,2,1,10000000.0,17,341782.0,- -,0,2010-09-22,3,7,1,15,1
10110,21,29,30,33,35,7,11,6,8000000.0,153,19200.0,- -,0,2010-09-20,8,1,3,2,4
10109,1,2,8,11,25,10,12,1,10000000.0,28,247416.0,- -,0,2010-09-18,1,6,3,14,2
10108,1,10,13,19,34,9,12,0,0.0,5,1427388.0,- -,0,2010-09-15,9,3,6,15,3
10107,14,17,22,27,34,3,5,0,0.0,9,770795.0,- -,0,2010-09-13,3,5,5,7,2
10106,5,27,28,29,34,9,12,1,8059291.0,61,58064.0,- -,0,2010-09-11,22,1,1,5,3
10105,5,17,26,27,35,8,9,3,6164276.0,35,111547.0,- -,0,2010-09-08,12,9,1,8,1
10104,14,25,30,32,33,1,11,0,0.0,29,176884.0,- -,0,2010-09-06,11,5,2,1,10
10103,10,14,29,30,35,5,8,2,12280216.0,32,150182.0,- -,0,2010-09-04,4,15,1,5,3
10102,4,15,19,24,35,1,10,1,5000000.0,19,378758.0,- -,0,2010-09-01,11,4,5,11,9
10101,11,15,22,27,35,5,8,1,5000000.0,19,319312.0,- -,0,2010-08-30,4,7,5,8,3
10100,19,20,30,33,35,6,8,3,5000000.0,31,183340.0,- -,0,2010-08-28,1,10,3,2,2
10099,3,11,17,21,30,1,8,0,0.0,24,269760.0,- -,0,2010-08-25,8,6,4,9,7
10098,2,3,12,13,25,1,7,4,8000000.0,28,227139.0,- -,0,2010-08-23,1,9,1,12,6
10097,9,17,21,28,29,2,8,0,0.0,14,306160.0,- -,0,2010-08-21,8,4,7,1,6
10096,4,9,24,30,35,1,10,2,5000000.0,21,268736.0,- -,0,2010-08-18,5,15,6,5,9
10095,12,14,16,19,25,1,6,0,0.0,14,377513.0,- -,0,2010-08-16,2,2,3,6,5
10094,20,32,33,34,35,6,7,17,8000000.0,190,19200.0,- -,0,2010-08-14,12,1,1,1,1
10093,2,4,9,28,29,5,8,1,10000000.0,18,324862.0,- -,0,2010-08-11,2,5,19,1,3
10092,2,15,29,30,34,2,12,3,9784419.0,60,57704.0,- -,0,2010-08-09,13,14,1,4,10
10091,6,10,23,26,31,5,7,0,0.0,16,435966.0,- -,0,2010-08-07,4,13,3,5,2
10090,8,24,26,31,32,7,9,0,0.0,28,99531.0,- -,0,2010-08-04,16,2,5,1,2
10089,4,10,13,18,23,8,10,0,0.0,24,185529.0,- -,0,2010-08-02,6,3,5,5,2
10088,3,5,14,30,35,3,6,0,0.0,24,190276.0,- -,0,2010-07-31,2,9,16,5,3
10087,1,12,20,21,24,2,8,1,5000000.0,33,117272.0,- -,0,2010-07-28,11,8,1,3,6
10086,1,2,12,19,35,5,7,0,0.0,21,236899.0,- -,0,2010-07-26,1,10,7,16,2
10085,2,10,16,18,34,2,3,0,0.0,13,412616.0,- -,0,2010-07-24,8,6,2,16,1
10084,3,13,14,22,26,2,5,2,5000000.0,14,371982.0,- -,0,2010-07-21,10,1,8,4,3
10083,7,11,21,22,35,4,7,0,0.0,24,202291.0,- -,0,2010-07-19,4,10,1,13,3
10082,5,8,24,29,30,4,6,2,8000000.0,35,122897.0,- -,0,2010-07-17,3,16,5,1,2
10081,14,18,20,24,27,5,10,2,5000000.0,16,296643.0,- -,0,2010-07-14,4,2,4,3,5
10080,8,19,27,29,34,4,10,4,8000000.0,51,21316.0,- -,0,2010-07-12,11,8,2,5,6
10079,1,4,21,22,24,2,5,1,5000000.0,12,309554.0,- -,0,2010-07-10,3,17,1,2,3
10078,2,3,15,28,35,1,11,3,5000000.0,39,128452.0,- -,0,2010-07-07,1,12,13,7,10
10077,6,7,9,17,24,2,12,0,0.0,4,1630129.0,- -,0,2010-07-05,1,2,8,7,10
10076,9,12,16,19,35,2,12,2,8000000.0,8,841582.0,- -,0,2010-07-03,3,4,3,16,10
10075,10,12,17,23,27,5,7,0,0.0,13,394225.0,- -,0,2010-06-30,2,5,6,4,2
10074,3,7,20,27,32,2,12,0,0.0,27,155976.0,- -,0,2010-06-28,4,13,7,5,10
10073,4,9,11,30,32,1,11,1,5000000.0,16,401587.0,- -,0,2010-06-26,5,2,19,2,10
10072,5,10,17,23,25,3,10,4,8000000.0,22,193779.0,- -,0,2010-06-23,5,7,6,2,7
10071,7,12,26,30,32,2,7,14,8000000.0,75,19200.0,- -,0,2010-06-21,5,14,4,2,5
10070,5,14,23,25,28,11,12,0,0.0,40,109548.0,- -,0,2010-06-19,9,9,2,3,1
10069,6,17,18,25,29,8,9,2,5000000.0,75,25427.0,- -,0,2010-06-16,11,1,7,4,1
10068,11,17,19,20,34,6,10,0,0.0,16,337179.0,- -,0,2010-06-14,6,2,1,14,4
10067,1,11,19,30,32,3,10,1,5000000.0,86,19200.0,- -,0,2010-06-12,10,8,11,2,7
10066,15,21,22,24,27,1,6,0,0.0,7,1060182.0,- -,0,2010-06-09,6,1,2,3,5
10065,5,8,13,14,32,8,11,0,0.0,38,65464.0,- -,0,2010-06-07,3,5,1,18,3
10064,7,10,12,20,21,6,9,6,8000000.0,23,266112.0,- -,0,2010-06-05,3,2,8,1,3
10063,7,14,16,30,31,3,6,4,8000000.0,18,318320.0,- -,0,2010-06-02,7,2,14,1,3
10062,6,7,18,30,31,7,8,3,8000000.0,38,91329.0,- -,0,2010-05-31,1,11,12,1,1
10061,5,12,14,17,22,5,7,0,0.0,16,383856.0,- -,0,2010-05-29,7,2,3,5,2
10060,10,13,22,33,34,1,5,0,0.0,8,633905.0,- -,0,2010-05-26,3,9,11,1,4
10059,6,10,14,25,34,1,3,1,5000000.0,9,725288.0,- -,0,2010-05-24,4,4,11,9,2
10058,6,15,17,19,30,1,12,0,0.0,10,698324.0,- -,0,2010-05-22,9,2,2,11,11
10057,15,17,24,32,35,7,9,0,0.0,20,264809.0,- -,0,2010-05-19,2,7,8,3,2
10056,5,9,23,25,30,9,12,1,5000000.0,33,104627.0,- -,0,2010-05-17,4,14,2,5,3
10055,13,14,17,27,32,2,10,2,8000000.0,22,234065.0,- -,0,2010-05-15,1,3,10,5,8
10054,12,25,29,30,33,10,11,0,0.0,45,65360.0,- -,0,2010-05-12,13,4,1,3,1
10053,9,19,22,26,34,9,11,7,5000000.0,121,19200.0,- -,0,2010-05-10,10,3,4,8,2
10052,4,6,25,29,32,5,6,0,0.0,16,397832.0,- -,0,2010-05-08,2,19,4,3,1
10051,6,10,20,24,32,6,10,1,5000000.0,22,237937.0,- -,0,2010-05-05,4,10,4,8,4
10050,7,8,15,30,35,5,10,8,8000000.0,35,137355.0,- -,0,2010-05-03,1,7,15,5,5
10049,1,25,29,31,33,4,10,6,8000000.0,18,120441.0,- -,0,2010-05-01,24,4,2,2,6
10048,2,3,10,12,25,3,9,0,0.0,14,272035.0,- -,0,2010-04-28,1,7,2,13,6
10047,4,8,11,30,31,2,8,1,5000000.0,22,154438.0,- -,0,2010-04-26,4,3,19,1,6
10046,2,15,19,26,27,5,6,1,5000000.0,32,133262.0,- -,0,2010-04-24,13,4,7,1,1
10045,8,17,18,20,28,9,10,0,0.0,30,220721.0,- -,0,2010-04-21,9,1,2,8,1
10044,6,21,24,28,30,2,7,4,8000000.0,13,484438.0,- -,0,2010-04-19,15,3,4,2,5
10043,5,8,10,33,35,2,10,1,5000000.0,21,253884.0,- -,0,2010-04-17,3,2,23,2,8
10042,1,5,19,34,35,6,7,1,5000000.0,41,99627.0,- -,0,2010-04-14,4,14,15,1,1
10041,16,22,28,29,34,4,12,1,5000000.0,58,65572.0,- -,0,2010-04-12,6,6,1,5,8
10040,13,20,26,31,35,2,11,4,5000000.0,52,97691.0,- -,0,2010-04-10,7,6,5,4,9
10039,7,19,26,28,32,1,8,0,0.0,40,104894.0,- -,0,2010-04-07,12,7,2,4,7
10038,8,10,25,29,33,1,2,1,5000000.0,20,296993.0,- -,0,2010-04-05,2,15,4,4,1
10037,19,21,26,34,35,1,9,1,5000000.0,38,113441.0,- -,0,2010-04-03,2,5,8,1,8
10036,19,25,28,31,33,1,8,1,5000000.0,18,331745.0,- -,0,2010-03-31,6,3,3,2,7
10035,14,16,20,31,34,1,7,2,8000000.0,11,486953.0,- -,0,2010-03-29,2,4,11,3,6
10034,1,6,19,25,26,3,9,11,1989778.0,26,211334.0,- -,0,2010-03-27,5,13,6,1,6
10033,12,19,28,29,30,5,8,7,6427156.0,87,19200.0,- -,0,2010-03-24,7,9,1,1,3
10032,13,16,23,24,33,7,11,1,5000000.0,16,295524.0,- -,0,2010-03-22,3,7,1,9,4
10031,5,13,16,17,35,6,8,10,6418620.0,11,505854.0,- -,0,2010-03-20,8,3,1,18,2
10030,10,12,19,32,35,2,7,14,3154769.0,63,19200.0,- -,0,2010-03-17,2,7,13,3,5
10029,21,22,33,34,35,3,4,11,5000000.0,440,19200.0,- -,0,2010-03-15,1,11,1,1,1
10028,1,2,7,20,35,1,3,0,0.0,12,574816.0,- -,0,2010-03-13,1,5,13,15,2
10027,5,23,26,32,34,2,9,5,5000000.0,48,19200.0,- -,0,2010-03-10,18,3,6,2,7
10026,5,23,25,31,35,7,10,2,8000000.0,19,264014.0,- -,0,2010-03-08,18,2,6,4,3
10025,9,11,13,14,25,1,7,4,5000000.0,36,167300.0,- -,0,2010-03-06,2,2,1,11,6
10024,3,14,19,24,25,4,11,4,5667366.0,38,79984.0,- -,0,2010-03-03,11,5,5,1,7
10023,11,13,29,32,33,2,8,3,5952584.0,52,62980.0,- -,0,2010-03-01,2,16,3,1,6
10022,2,11,13,14,25,2,5,0,0.0,22,321088.0,- -,0,2010-02-27,9,2,1,11,3
10021,11,20,23,24,25,7,9,12,8676248.0,44,118640.0,- -,0,2010-02-24,9,3,1,1,2
10020,8,18,26,32,33,1,6,0,0.0,25,172092.0,- -,0,2010-02-22,10,8,6,1,5
10019,3,11,19,26,27,2,9,2,12850254.0,33,171310.0,- -,0,2010-02-20,8,8,7,1,7
10018,3,10,26,32,33,4,12,0,0.0,25,232115.0,- -,0,2010-02-10,7,16,6,1,8
10017,13,21,23,27,34,9,12,1,9381541.0,33,158966.0,- -,0,2010-02-08,8,2,4,7,3
10016,10,12,20,23,32,4,10,1,10000000.0,20,315587.0,- -,0,2010-02-06,2,8,3,9,6
10015,3,10,14,18,28,8,10,1,9000457.0,26,174883.0,- -,0,2010-02-03,7,4,4,10,2
10014,18,19,30,33,35,2,4,0,0.0,10,546284.0,- -,0,2010-02-01,1,11,3,2,2
10013,18,21,22,26,34,9,12,0,0.0,26,220060.0,- -,0,2010-01-30,3,1,4,8,3
10012,20,24,30,31,33,5,12,2,5000000.0,33,121440.0,- -,0,2010-01-27,4,6,1,2,7
10011,2,3,11,27,32,8,11,0,0.0,49,138881.0,- -,0,2010-01-25,1,8,16,5,3
10010,15,22,24,32,35,2,9,3,5000000.0,32,157475.0,- -,0,2010-01-23,7,2,8,3,7
10009,2,5,13,27,32,3,11,1,5000000.0,23,267688.0,- -,0,2010-01-20,3,8,14,5,8
10008,11,23,25,31,32,5,11,1,5000000.0,23,188641.0,- -,0,2010-01-18,12,2,6,1,6
10007,7,23,26,29,32,8,11,6,8000000.0,54,72075.0,- -,0,2010-01-16,16,3,3,3,3
10006,3,13,19,30,34,2,5,1,5000000.0,16,415894.0,- -,0,2010-01-13,10,6,11,4,3
10005,4,17,19,22,30,2,3,1,5000000.0,26,234617.0,- -,0,2010-01-11,13,2,3,8,1
10004,3,6,21,24,34,4,6,1,5000000.0,57,88752.0,- -,0,2010-01-09,3,15,3,10,2
10003,5,14,23,27,30,2,8,2,8000000.0,25,262987.0,- -,0,2010-01-06,9,9,4,3,6
10002,4,23,25,26,30,7,10,0,0.0,11,595763.0,- -,0,2010-01-04,19,2,1,4,3
10001,2,6,7,12,27,2,8,2,5000000.0,38,116320.0,- -,0,2010-01-02,4,1,5,15,6
9153,21,22,30,32,34,3,7,0,0.0,19,298040.0,- -,0,2009-12-30,1,8,2,2,4
9152,1,23,29,30,32,7,12,0,0.0,10,564310.0,- -,0,2009-12-28,22,6,1,2,5
9151,3,8,14,30,31,4,9,14,8000000.0,127,19200.0,- -,0,2009-12-26,5,6,16,1,5
9150,4,11,18,25,34,5,7,0,0.0,44,132513.0,- -,0,2009-12-23,7,7,7,9,2
9149,1,3,10,12,20,2,7,2,5000000.0,16,228187.0,- -,0,2009-12-21,2,7,2,8,5
9148,2,4,13,14,33,1,9,1,5000000.0,41,137118.0,- -,0,2009-12-19,2,9,1,19,8
9147,6,12,18,22,29,5,8,2,5000000.0,49,51968.0,- -,0,2009-12-16,6,6,4,7,3
9146,11,17,23,24,25,3,6,1,5000000.0,21,335196.0,- -,0,2009-12-14,6,6,1,1,3
9145,5,11,14,22,35,3,10,1,5000000.0,34,155632.0,- -,0,2009-12-12,6,3,8,13,7
9144,18,26,32,33,34,4,6,3,5000000.0,71,19555.0,- -,0,2009-12-09,8,6,1,1,2
9143,1,9,10,11,22,1,12,2,8000000.0,20,282283.0,- -,0,2009-12-07,8,1,1,11,11
9142,5,6,13,24,31,3,11,15,8260033.0,95,25457.0,- -,0,2009-12-05,1,7,11,7,8
9141,13,14,21,30,33,2,8,1,5000000.0,28,171152.0,- -,0,2009-12-02,1,7,9,3,6
9140,7,8,19,26,30,1,12,1,5000000.0,71,76574.0,- -,0,2009-11-30,1,11,7,4,11
9139,14,16,20,22,32,5,9,1,5000000.0,21,357196.0,- -,0,2009-11-28,2,4,2,10,4
9138,3,4,14,28,32,9,10,5,8000000.0,33,153596.0,- -,0,2009-11-25,1,10,14,4,1
9137,12,28,29,30,34,1,9,3,8884604.0,42,37952.0,- -,0,2009-11-23,16,1,1,4,8
9136,7,13,23,24,29,6,10,2,6239117.0,66,42361.0,- -,0,2009-11-21,6,10,1,5,4
9135,6,8,15,20,32,5,6,1,8682236.0,48,91768.0,- -,0,2009-11-18,2,7,5,12,1
9134,2,16,19,28,33,7,11,2,7012027.0,28,165088.0,- -,0,2009-11-16,14,3,9,5,4
9133,1,8,24,27,34,10,11,1,10000000.0,27,253377.0,- -,0,2009-11-14,7,16,3,7,1
9132,2,10,12,15,28,4,7,1,5000000.0,7,530001.0,- -,0,2009-11-11,8,2,3,13,3
9131,2,3,8,33,34,3,11,0,0.0,36,118771.0,- -,0,2009-11-09,1,5,25,1,8
9130,9,14,25,32,34,2,8,1,5000000.0,11,678852.0,- -,0,2009-11-07,5,11,7,2,6
9129,2,10,18,32,33,3,8,7,8000000.0,75,70124.0,- -,0,2009-11-04,8,8,14,1,5
9128,6,21,28,32,34,4,7,0,0.0,12,400316.0,- -,0,2009-11-02,15,7,4,2,3
9127,5,9,27,32,34,5,8,5,9811806.0,30,201310.0,- -,0,2009-10-31,4,18,5,2,3
9126,14,23,27,28,33,8,12,0,0.0,20,264041.0,- -,0,2009-10-28,9,4,1,5,4
9125,8,20,23,29,31,2,11,0,0.0,12,540542.0,- -,0,2009-10-26,12,3,6,2,9
9124,1,3,14,32,35,7,11,0,0.0,20,284499.0,- -,0,2009-10-24,2,11,18,3,4
9123,10,21,28,29,32,6,10,0,0.0,49,65912.0,- -,0,2009-10-21,11,7,1,3,4
9122,1,2,11,31,33,5,6,2,5000000.0,13,413264.0,- -,0,2009-10-19,1,9,20,2,1
9121,4,5,8,11,22,2,10,16,8897406.0,18,466942.0,- -,0,2009-10-17,1,3,3,11,8
9120,11,23,27,28,32,2,5,0,0.0,21,277427.0,- -,0,2009-10-14,12,4,1,4,3
9119,3,12,22,23,28,4,12,1,5000000.0,13,519689.0,- -,0,2009-10-12,9,10,1,5,8
9118,10,17,18,21,34,5,11,0,0.0,15,383203.0,- -,0,2009-10-10,7,1,3,13,6
9117,7,21,29,31,33,9,10,3,8000000.0,34,44548.0,- -,0,2009-10-07,14,8,2,2,1
9116,12,15,23,30,33,9,12,2,5000000.0,33,135395.0,- -,0,2009-10-05,3,8,7,3,3
9115,1,2,6,8,26,5,12,0,0.0,4,1013097.0,- -,0,2009-10-03,1,4,2,18,7
9114,2,8,25,29,33,3,7,5,8779628.0,18,597715.0,- -,0,2009-09-30,6,17,4,4,4
9113,3,4,10,18,27,6,8,0,0.0,41,136787.0,- -,0,2009-09-28,1,6,8,9,2
9112,2,8,12,34,35,4,5,0,0.0,23,857744.0,- -,0,2009-09-26,6,4,22,1,1
9111,4,11,13,19,35,10,12,1,8774361.0,13,812939.0,- -,0,2009-09-23,7,2,6,16,2
9110,22,28,30,31,34,7,9,0,0.0,23,454620.0,- -,0,2009-09-21,6,2,1,3,2
9109,2,11,13,26,35,6,10,1,9046646.0,18,1030054.0,- -,0,2009-09-19,9,2,13,9,4
9108,1,9,14,29,30,7,10,0,0.0,46,276443.0,- -,0,2009-09-16,8,5,15,1,3
9107,11,12,33,34,35,1,10,1,7344588.0,49,235508.0,- -,0,2009-09-14,1,21,1,1,9
9106,11,21,22,25,34,6,9,0,0.0,15,1300488.0,- -,0,2009-09-12,10,1,3,9,3
9105,1,25,26,34,35,6,11,0,0.0,26,262127.0,- -,0,2009-09-09,24,1,8,1,5
9104,15,25,29,32,33,10,11,0,0.0,48,217656.0,- -,0,2009-09-07,10,4,3,1,1
9103,16,20,28,32,33,1,2,0,0.0,21,450423.0,- -,0,2009-09-05,4,8,4,1,1
9102,11,13,29,32,35,10,12,0,0.0,39,59307.0,- -,0,2009-09-02,2,16,3,3,2
9101,2,10,14,22,26,4,9,1,6986209.0,24,404464.0,- -,0,2009-08-31,8,4,8,4,5
9100,16,20,25,29,33,1,8,0,0.0,15,224135.0,- -,0,2009-08-29,4,5,4,4,7
9099,3,9,21,23,33,6,10,0,0.0,13,438563.0,- -,0,2009-08-26,6,12,2,10,4
9098,11,17,19,25,26,2,10,6,8565752.0,31,296307.0,- -,0,2009-08-24,6,2,6,1,8
9097,6,13,14,22,25,1,4,0,0.0,25,752849.0,- -,0,2009-08-22,7,1,8,3,3
9096,7,12,28,32,33,1,3,0,0.0,21,244051.0,- -,0,2009-08-19,5,16,4,1,2
9095,8,18,24,30,33,1,6,2,6022716.0,29,197490.0,- -,0,2009-08-17,10,6,6,3,5
9094,1,5,21,23,29,5,12,0,0.0,12,444563.0,- -,0,2009-08-15,4,16,2,6,7
9093,7,9,22,30,33,9,11,1,5641679.0,56,56145.0,- -,0,2009-08-12,2,13,8,3,2
9092,10,21,22,27,29,8,12,0,0.0,24,185326.0,- -,0,2009-08-10,11,1,5,2,4
9091,1,5,17,32,34,3,7,1,5000000.0,12,459580.0,- -,0,2009-08-08,4,12,15,2,4
9090,18,25,30,33,34,4,10,2,5000000.0,13,275196.0,- -,0,2009-08-05,7,5,3,1,6
9089,3,6,11,19,27,2,7,1,5000000.0,20,202201.0,- -,0,2009-08-03,3,5,8,8,5
9088,13,16,27,32,34,3,9,2,6429562.0,21,646912.0,- -,0,2009-08-01,3,11,5,2,6
9087,10,24,28,30,33,1,10,0,0.0,13,202183.0,- -,0,2009-07-29,14,4,2,3,9
9086,1,2,7,26,29,10,12,1,8369481.0,15,1093859.0,- -,0,2009-07-27,1,5,19,3,2
9085,6,13,27,33,34,9,12,1,6281762.0,35,169889.0,- -,0,2009-07-25,7,14,6,1,3
9084,5,9,19,26,35,2,10,0,0.0,11,508142.0,- -,0,2009-07-22,4,10,7,9,8
9083,2,5,28,34,35,1,7,0,0.0,13,240991.0,- -,0,2009-07-20,3,23,6,1,6
9082,5,11,26,29,32,8,11,3,5594117.0,108,77673.0,- -,0,2009-07-18,6,15,3,3,3
9081,2,15,20,25,33,3,6,1,7373857.0,30,374467.0,- -,0,2009-07-15,13,5,5,8,3
9080,7,16,19,29,35,2,11,0,0.0,14,921204.0,- -,0,2009-07-13,9,3,10,6,9
9079,1,2,7,13,34,4,10,0,0.0,4,1724385.0,- -,0,2009-07-11,1,5,6,21,6
9078,11,23,26,31,34,5,11,2,5000000.0,4,836630.0,- -,0,2009-07-08,12,3,5,3,6
9077,7,20,28,32,34,6,8,2,5000000.0,26,77965.0,- -,0,2009-07-06,13,8,4,2,2
9076,3,9,11,18,24,4,5,1,5000000.0,27,181854.0,- -,0,2009-07-04,6,2,7,6,1
9075,1,7,11,32,33,9,11,0,0.0,13,359854.0,- -,0,2009-07-01,6,4,21,1,2
9074,15,17,19,23,32,1,11,0,0.0,4,959223.0,- -,0,2009-06-29,2,2,4,9,10
9073,1,10,19,21,30,1,4,2,5000000.0,51,112848.0,- -,0,2009-06-27,9,9,2,9,3
9072,23,26,29,32,33,5,10,1,5000000.0,44,14040.0,- -,0,2009-06-24,3,3,3,1,5
9071,4,20,29,30,33,2,11,0,0.0,27,85911.0,- -,0,2009-06-22,16,9,1,3,9
9070,10,21,24,30,31,3,10,1,5000000.0,22,147404.0,- -,0,2009-06-20,11,3,6,1,7
9069,14,16,27,30,33,8,12,1,5000000.0,31,137316.0,- -,0,2009-06-17,2,11,3,3,4
9068,2,12,15,20,28,1,12,0,0.0,8,827238.0,- -,0,2009-06-15,10,3,5,8,11
9067,3,6,25,28,32,2,5,0,0.0,15,435355.0,- -,0,2009-06-13,3,19,3,4,3
9066,1,8,19,24,31,6,12,1,5000000.0,18,279377.0,- -,0,2009-06-10,7,11,5,7,6
9065,1,12,24,27,32,2,11,0,0.0,26,164772.0,- -,0,2009-06-08,11,12,3,5,9
9064,6,10,11,17,34,11,12,0,0.0,7,566068.0,- -,0,2009-06-06,4,1,6,17,1
9063,5,6,18,21,22,1,7,0,0.0,38,148667.0,- -,0,2009-06-03,1,12,3,1,6
9062,4,22,23,29,31,5,11,0,0.0,30,93475.0,- -,0,2009-06-01,18,1,6,2,6
9061,2,10,21,26,34,2,10,1,5000000.0,16,376654.0,- -,0,2009-05-30,8,11,5,8,8
9060,18,28,29,30,31,4,8,2,5000000.0,24,86396.0,- -,0,2009-05-27,10,1,1,1,4
9059,2,13,14,29,33,4,11,4,5000000.0,18,174721.0,- -,0,2009-05-25,11,1,15,4,7
9058,8,10,14,27,32,2,7,0,0.0,9,662500.0,- -,0,2009-05-23,2,4,13,5,5
9057,6,15,22,27,30,2,9,17,8000000.0,100,27700.0,- -,0,2009-05-20,9,7,5,3,7
9056,4,13,17,32,35,3,6,0,0.0,42,71382.0,- -,0,2009-05-18,9,4,15,3,3
9055,5,8,14,23,24,5,6,0,0.0,18,376564.0,- -,0,2009-05-16,3,6,9,1,1
9054,2,12,19,29,30,7,12,4,9114233.0,58,207988.0,- -,0,2009-05-13,10,7,10,1,5
9053,5,9,24,31,33,5,6,0,0.0,58,57086.0,- -,0,2009-05-11,4,15,7,2,1
9052,23,24,30,34,35,1,3,1,5000000.0,33,142193.0,- -,0,2009-05-09,1,6,4,1,2
9051,3,11,22,26,29,5,12,0,0.0,15,345238.0,- -,0,2009-05-06,8,11,4,3,7
9050,5,15,28,32,33,8,9,2,8000000.0,30,110521.0,- -,0,2009-05-04,10,13,4,1,1
9049,5,16,28,29,34,11,12,1,5000000.0,11,623267.0,- -,0,2009-05-02,11,12,1,5,1
9048,5,6,22,25,27,11,12,0,0.0,11,441657.0,- -,0,2009-04-29,1,16,3,2,1
9047,13,18,21,24,29,3,6,0,0.0,9,722188.0,- -,0,2009-04-27,5,3,3,5,3
9046,1,9,24,34,35,4,9,2,5000000.0,52,135240.0,- -,0,2009-04-25,8,15,10,1,5
9045,1,9,14,24,35,6,9,0,0.0,8,706668.0,- -,0,2009-04-22,8,5,10,11,3
9044,1,7,18,29,34,3,9,1,5000000.0,44,29936.0,- -,0,2009-04-20,6,11,11,5,6
9043,5,21,22,32,35,2,5,2,8000000.0,47,96217.0,- -,0,2009-04-18,16,1,10,3,3
9042,11,24,25,26,31,2,7,3,8000000.0,40,55020.0,- -,0,2009-04-15,13,1,1,5,5
9041,5,9,20,23,29,4,10,0,0.0,22,261001.0,- -,0,2009-04-13,4,11,3,6,6
9040,3,16,30,32,33,1,10,0,0.0,12,504827.0,- -,0,2009-04-11,13,14,2,1,9
9039,1,3,7,10,33,3,4,2,8000000.0,11,424052.0,- -,0,2009-04-08,2,4,3,23,1
9038,6,17,20,29,32,4,5,1,5000000.0,75,15147.0,- -,0,2009-04-06,11,3,9,3,1
9037,17,18,19,25,31,1,11,0,0.0,22,333734.0,- -,0,2009-04-04,1,1,6,6,10
9036,2,12,26,31,33,9,10,0,0.0,16,343460.0,- -,0,2009-04-01,10,14,5,2,1
9035,3,7,9,28,33,3,8,1,5000000.0,35,59264.0,- -,0,2009-03-30,4,2,19,5,5
9034,5,19,31,32,35,4,9,15,7173212.0,160,4800.0,- -,0,2009-03-28,14,12,1,3,5
9033,2,8,18,21,32,8,11,0,0.0,21,243428.0,- -,0,2009-03-25,6,10,3,11,3
9032,4,12,20,26,29,6,10,1,5000000.0,30,123977.0,- -,0,2009-03-23,8,8,6,3,4
9031,7,11,19,21,22,1,11,0,0.0,15,432121.0,- -,0,2009-03-21,4,8,2,1,10
9030,1,7,27,30,32,1,4,0,0.0,10,566134.0,- -,0,2009-03-18,6,20,3,2,3
9029,3,4,13,17,24,4,11,1,5000000.0,8,452537.0,- -,0,2009-03-16,1,9,4,7,7
9028,6,20,30,32,35,9,11,12,3010436.0,37,35488.0,- -,0,2009-03-14,14,10,2,3,2
9027,3,22,26,33,34,9,10,0,0.0,7,487991.0,- -,0,2009-03-11,19,4,7,1,1
9026,24,30,31,32,34,10,12,5,8000000.0,31,121076.0,- -,0,2009-03-09,6,1,1,2,2
9025,3,17,22,23,33,4,10,3,5000000.0,11,536555.0,- -,0,2009-03-07,14,5,1,10,6
9024,29,31,32,33,35,10,11,15,8000000.0,812,4800.0,- -,0,2009-03-04,2,1,1,2,1
9023,15,17,21,27,33,7,11,0,0.0,9,410040.0,- -,0,2009-03-02,2,4,6,6,4
9022,12,14,17,34,35,4,11,0,0.0,16,332720.0,- -,0,2009-02-28,2,3,17,1,7
9021,1,15,31,32,34,3,8,3,5000000.0,30,62400.0,- -,0,2009-02-25,14,16,1,2,5
9020,5,16,18,32,35,2,11,0,0.0,35,155497.0,- -,0,2009-02-23,11,2,14,3,9
9019,4,29,31,32,35,4,10,3,8000000.0,75,32302.0,- -,0,2009-02-21,25,2,1,3,6
9018,1,6,13,28,29,3,9,2,6283265.0,36,338177.0,- -,0,2009-02-18,5,7,15,1,6
9017,5,11,23,26,33,4,12,1,5000000.0,9,647387.0,- -,0,2009-02-16,6,12,3,7,8
9016,10,11,20,26,27,9,11,1,9175345.0,34,607321.0,- -,0,2009-02-14,1,9,6,1,2
9015,1,5,10,16,27,3,4,2,6425136.0,30,476462.0,- -,0,2009-02-11,4,5,6,11,1
9014,8,14,15,25,26,7,9,0,0.0,24,530979.0,- -,0,2009-02-09,6,1,10,1,2
9013,5,24,26,30,35,5,12,0,0.0,13,514537.0,- -,0,2009-02-07,19,2,4,5,7
9012,2,5,20,25,31,10,12,1,8561547.0,7,2417534.0,- -,0,2009-02-04,3,15,5,6,2
9011,2,11,13,14,21,2,4,0,0.0,10,619104.0,- -,0,2009-02-02,9,2,1,7,2
9010,2,9,12,21,29,7,11,0,0.0,29,230868.0,- -,0,2009-01-24,7,3,9,8,4
9009,12,18,23,26,32,6,9,5,9008758.0,30,464028.0,- -,0,2009-01-21,6,5,3,6,3
9008,4,17,21,29,31,2,12,1,9221381.0,23,883728.0,- -,0,2009-01-19,13,4,8,2,10
9007,6,14,15,29,35,6,11,1,8227344.0,52,319876.0,- -,0,2009-01-17,8,1,14,6,5
9006,2,4,22,31,35,9,12,0,0.0,31,482296.0,- -,0,2009-01-14,2,18,9,4,3
9005,10,11,15,31,32,5,8,0,0.0,9,1389792.0,- -,0,2009-01-12,1,4,16,1,3
9004,1,3,22,32,35,6,10,0,0.0,10,375553.0,- -,0,2009-01-10,2,19,10,3,4
9003,16,18,23,30,32,2,11,0,0.0,9,801833.0,- -,0,2009-01-07,2,5,7,2,9
9002,1,4,7,12,30,5,10,0,0.0,5,1411587.0,- -,0,2009-01-05,3,3,5,18,5
9001,1,15,23,27,30,4,10,4,8000000.0,27,211758.0,- -,0,2009-01-03,14,8,4,3,6
8154,5,7,10,29,32,4,6,4,5223929.0,63,68476.0,- -,0,2008-12-31,2,3,19,3,2
8153,2,4,6,25,26,2,5,1,5000000.0,21,234684.0,- -,0,2008-12-29,2,2,19,1,3
8152,3,5,14,20,33,7,11,2,7044546.0,15,763297.0,- -,0,2008-12-27,2,9,6,13,4
8151,7,10,27,31,34,8,9,0,0.0,28,540160.0,- -,0,2008-12-24,3,17,4,3,1
8150,1,9,10,15,25,3,8,0,0.0,42,85553.0,- -,0,2008-12-22,8,1,5,10,5
8149,2,5,6,27,29,3,4,0,0.0,14,470753.0,- -,0,2008-12-20,3,1,21,2,1
8148,3,7,20,33,35,4,7,0,0.0,7,790569.0,- -,0,2008-12-17,4,13,13,2,3
8147,16,18,19,24,35,11,12,4,8000000.0,4,1099239.0,- -,0,2008-12-15,2,1,5,11,1
8146,9,23,24,26,33,7,12,3,5000000.0,19,340171.0,- -,0,2008-12-13,14,1,2,7,5
8145,5,16,27,29,30,5,11,1,5000000.0,28,172558.0,- -,0,2008-12-10,11,11,2,1,6
8144,10,19,27,28,33,5,12,1,5000000.0,79,14852.0,- -,0,2008-12-08,9,8,1,5,7
8143,1,2,22,29,32,1,4,0,0.0,46,132448.0,- -,0,2008-12-06,1,20,7,3,3
8142,6,18,21,30,35,8,9,1,5000000.0,17,438723.0,- -,0,2008-12-03,12,3,9,5,1
8141,9,15,18,30,34,4,5,1,5000000.0,10,594331.0,- -,0,2008-12-01,6,3,12,4,1
8140,2,9,11,29,32,8,9,2,5000000.0,68,68758.0,- -,0,2008-11-29,7,2,18,3,1
8139,1,6,10,14,22,6,8,0,0.0,15,445756.0,- -,0,2008-11-26,5,4,4,8,2
8138,4,5,18,22,35,7,8,1,5000000.0,18,312576.0,- -,0,2008-11-24,1,13,4,13,1
8137,1,10,25,32,35,5,9,1,5000000.0,33,156340.0,- -,0,2008-11-22,9,15,7,3,4
8136,3,28,29,32,34,1,6,0,0.0,12,499542.0,- -,0,2008-11-19,25,1,3,2,5
8135,7,22,25,29,33,1,12,4,5000000.0,34,128582.0,- -,0,2008-11-17,15,3,4,4,11
8134,11,13,15,28,35,8,10,2,8000000.0,20,269444.0,- -,0,2008-11-15,2,2,13,7,2
8133,10,12,15,33,35,3,9,0,0.0,14,362836.0,- -,0,2008-11-12,2,3,18,2,6
8132,6,14,24,27,29,5,9,5,8000000.0,17,252513.0,- -,0,2008-11-10,8,10,3,2,4
8131,8,9,12,21,32,7,11,1,5000000.0,15,446072.0,- -,0,2008-11-08,1,3,9,11,4
8130,3,5,22,29,34,7,12,3,9846153.0,44,138640.0,- -,0,2008-11-05,2,17,7,5,5
8129,13,16,20,25,27,4,5,0,0.0,43,79054.0,- -,0,2008-11-03,3,4,5,2,1
8128,12,15,23,24,25,10,11,0,0.0,19,359704.0,- -,0,2008-11-01,3,8,1,1,1
8127,8,21,22,31,33,1,7,3,13538460.0,95,35488.0,- -,0,2008-10-29,13,1,9,2,6
8126,9,29,32,34,35,1,8,0,0.0,29,184164.0,- -,0,2008-10-27,20,3,2,1,7
8125,1,4,28,33,34,6,11,0,0.0,12,614928.0,- -,0,2008-10-25,3,24,5,1,5
8124,2,10,13,29,33,6,10,4,9333332.0,70,17235.0,- -,0,2008-10-22,8,3,16,4,4
8123,1,6,12,28,31,8,9,1,11000000.0,22,275496.0,- -,0,2008-10-20,5,6,16,3,1
8122,3,6,12,20,29,9,12,0,0.0,95,23641.0,- -,0,2008-10-18,3,6,8,9,3
8121,11,23,24,32,35,4,10,1,8000000.0,18,306539.0,- -,0,2008-10-15,12,1,8,3,6
8120,21,23,24,25,32,3,4,2,8000000.0,9,385140.0,- -,0,2008-10-13,2,1,1,7,1
8119,1,2,10,19,27,1,11,0,0.0,21,333924.0,- -,0,2008-10-11,1,8,9,8,10
8118,6,9,19,25,30,6,12,5,9142856.0,20,300294.0,- -,0,2008-10-08,3,10,6,5,6
8117,13,23,24,25,30,2,8,1,8000000.0,28,97728.0,- -,0,2008-10-06,10,1,1,5,6
8116,6,8,15,24,31,1,3,1,8000000.0,51,99696.0,- -,0,2008-10-04,2,7,9,7,2
8115,7,9,19,21,33,7,10,4,5750000.0,26,138380.0,- -,0,2008-10-01,2,10,2,12,3
8114,2,3,22,27,31,6,7,4,13333332.0,28,36137.0,- -,0,2008-09-29,1,19,5,4,1
8113,11,14,17,19,22,1,8,0,0.0,7,1235843.0,- -,0,2008-09-27,3,3,2,3,7
8112,4,18,26,32,33,5,8,0,0.0,23,271680.0,- -,0,2008-09-24,14,8,6,1,3
8111,2,11,12,14,19,5,9,0,0.0,17,385713.0,- -,0,2008-09-22,9,1,2,5,4
8110,5,16,25,27,33,4,9,2,6500000.0,24,216483.0,- -,0,2008-09-20,11,9,2,6,5
8109,1,10,18,28,34,5,8,2,11000000.0,15,295043.0,- -,0,2008-09-17,9,8,10,6,3
8108,11,16,24,29,32,9,11,2,11000000.0,18,345820.0,- -,0,2008-09-15,5,8,5,3,2
8107,1,2,13,15,16,4,9,0,0.0,23,275491.0,- -,0,2008-09-13,1,11,2,1,5
8106,3,5,21,28,33,2,6,0,0.0,21,136276.0,- -,0,2008-09-10,2,16,7,5,4
8105,12,21,22,26,35,4,5,0,0.0,20,195952.0,- -,0,2008-09-08,9,1,4,9,1
8104,7,8,10,24,34,8,11,3,7598783.0,9,621131.0,- -,0,2008-09-06,1,2,14,10,3
8103,2,11,22,30,34,4,9,1,7957833.0,27,109808.0,- -,0,2008-09-03,9,11,8,4,5
8102,5,25,26,29,35,3,10,4,5402527.0,24,190406.0,- -,0,2008-09-01,20,1,3,6,7
8101,10,13,23,31,33,4,11,1,8000000.0,32,124921.0,- -,0,2008-08-30,3,10,8,2,7
8100,12,20,26,29,30,2,6,4,10837819.0,14,467134.0,- -,0,2008-08-27,8,6,3,1,4
8099,3,18,23,25,30,6,10,0,0.0,16,214864.0,- -,0,2008-08-25,15,5,2,5,4
8098,7,10,22,27,33,4,8,2,4562339.0,44,86628.0,- -,0,2008-08-23,3,12,5,6,4
8097,1,10,31,33,35,3,10,20,4904776.0,136,4800.0,- -,0,2008-08-20,9,21,2,2,7
8096,6,7,12,25,28,2,12,0,0.0,27,250451.0,- -,0,2008-08-18,1,5,13,3,10
8095,3,4,11,21,25,1,7,0,0.0,22,233126.0,- -,0,2008-08-16,1,7,10,4,6
8094,7,12,19,27,34,11,12,1,8000000.0,33,155649.0,- -,0,2008-08-13,5,7,8,7,1
8093,6,7,10,24,30,5,8,13,8436363.0,42,4800.0,- -,0,2008-08-11,1,3,14,6,3
8092,3,23,26,32,34,4,9,3,13538460.0,25,327238.0,- -,0,2008-08-09,20,3,6,2,5
8091,9,13,19,22,25,4,10,0,0.0,40,85774.0,- -,0,2008-08-06,4,6,3,3,6
8090,4,11,18,33,34,2,6,0,0.0,21,252998.0,- -,0,2008-08-04,7,7,15,1,4
8089,8,13,24,32,33,3,9,2,6500000.0,34,112036.0,- -,0,2008-08-02,5,11,8,1,6
8088,7,11,19,27,31,2,3,7,9454544.0,349,4800.0,- -,0,2008-07-30,4,8,8,4,1
8087,14,22,32,33,35,1,5,0,0.0,24,223316.0,- -,0,2008-07-28,8,10,1,2,4
8086,1,6,10,22,35,3,7,1,11341092.0,27,618515.0,- -,0,2008-07-26,5,4,12,13,4
8085,3,7,13,15,19,2,10,1,20561196.0,14,1246417.0,- -,0,2008-07-23,4,6,2,4,8
8084,2,17,20,22,25,5,11,0,0.0,16,1312774.0,- -,0,2008-07-21,15,3,2,3,6
8083,6,14,15,30,31,3,10,0,0.0,31,116398.0,- -,0,2008-07-19,8,1,15,1,7
8082,15,19,29,33,35,1,2,0,0.0,8,765438.0,- -,0,2008-07-16,4,10,4,2,1
8081,7,8,20,22,29,4,7,2,6500000.0,15,323945.0,- -,0,2008-07-14,1,12,2,7,3
8080,6,9,29,31,33,5,11,6,11154640.0,14,692784.0,- -,0,2008-07-12,3,20,2,2,6
8079,20,23,26,32,33,5,12,0,0.0,13,1369908.0,- -,0,2008-07-09,3,3,6,1,7
8078,8,17,20,28,31,7,11,0,0.0,12,1075400.0,- -,0,2008-07-07,9,3,8,3,4
8077,1,8,21,33,34,5,7,0,0.0,15,1110064.0,- -,0,2008-07-05,7,13,12,1,2
8076,3,5,10,27,34,1,12,1,8413842.0,6,2731073.0,- -,0,2008-07-02,2,5,17,7,11
8075,1,10,13,30,33,6,7,0,0.0,7,991344.0,- -,0,2008-06-30,9,3,17,3,1
8074,10,13,22,31,35,4,12,1,8183874.0,23,735244.0,- -,0,2008-06-28,3,9,9,4,8
8073,2,5,6,7,31,8,10,0,0.0,5,2673038.0,- -,0,2008-06-25,3,1,1,24,2
8072,10,25,32,33,34,3,9,0,0.0,1,5000000.0,- -,0,2008-06-23,15,7,1,1,6
8071,1,5,11,14,25,1,9,0,0.0,13,389804.0,- -,0,2008-06-21,4,6,3,11,8
8070,9,17,18,21,31,1,5,1,5000000.0,18,204750.0,- -,0,2008-06-18,8,1,3,10,4
8069,5,13,16,29,33,6,8,2,8000000.0,22,144344.0,- -,0,2008-06-16,8,3,13,4,2
8068,6,9,11,33,34,6,10,2,6008013.0,25,406836.0,- -,0,2008-06-14,3,2,22,1,4
8067,3,10,14,15,22,4,7,0,0.0,7,387249.0,- -,0,2008-06-11,7,4,1,7,3
8066,2,7,21,22,25,4,12,0,0.0,3,940660.0,- -,0,2008-06-09,5,14,1,3,8
8065,19,22,23,25,32,6,12,0,0.0,15,280888.0,- -,0,2008-06-07,3,1,2,7,6
8064,14,18,24,27,31,6,7,0,0.0,12,360131.0,- -,0,2008-06-04,4,6,3,4,1
8063,7,11,24,30,35,6,8,1,5000000.0,15,234172.0,- -,0,2008-06-02,4,13,6,5,2
8062,1,15,27,28,29,3,10,1,5000000.0,17,223089.0,- -,0,2008-05-31,14,12,1,1,7
8061,7,10,14,19,32,3,6,0,0.0,15,240552.0,- -,0,2008-05-28,3,4,5,13,3
8060,3,13,17,23,30,1,11,0,0.0,17,250555.0,- -,0,2008-05-26,10,4,6,7,10
8059,7,13,21,25,31,8,10,0,0.0,45,41644.0,- -,0,2008-05-24,6,8,4,6,2
8058,3,9,11,29,33,3,12,0,0.0,5,489330.0,- -,0,2008-05-21,6,2,18,4,9
8057,5,8,9,17,33,5,6,1,5000000.0,17,165819.0,- -,0,2008-05-19,3,1,8,16,1
8056,15,19,25,30,31,3,9,0,0.0,8,596452.0,- -,0,2008-05-17,4,6,5,1,6
8055,2,14,28,30,35,4,12,0,0.0,21,219496.0,- -,0,2008-05-14,12,14,2,5,8
8054,5,14,23,31,35,2,6,1,5000000.0,30,125331.0,- -,0,2008-05-12,9,9,8,4,4
8053,1,13,21,23,32,3,6,2,8000000.0,18,281150.0,- -,0,2008-05-10,12,8,2,9,3
8052,3,18,19,30,35,5,9,4,8000000.0,29,56105.0,- -,0,2008-05-07,15,1,11,5,4
8051,1,7,9,11,33,3,11,0,0.0,5,1027097.0,- -,0,2008-05-05,6,2,2,22,8
8050,1,5,11,26,27,3,7,2,8000000.0,24,206636.0,- -,0,2008-05-03,4,6,15,1,4
8049,1,11,14,28,30,3,10,0,0.0,10,398380.0,- -,0,2008-04-30,10,3,14,2,7
8048,1,13,22,25,27,2,10,0,0.0,5,544151.0,- -,0,2008-04-28,12,9,3,2,8
8047,12,18,22,23,30,6,12,1,5000000.0,27,94678.0,- -,0,2008-04-26,6,4,1,7,6
8046,11,25,26,27,35,7,8,21,8202110.0,14,801710.0,- -,0,2008-04-23,14,1,1,8,1
8045,14,32,33,34,35,2,4,0,0.0,17,788860.0,- -,0,2008-04-21,18,1,1,1,2
8044,2,21,23,27,32,10,11,0,0.0,2,4516480.0,- -,0,2008-04-19,19,2,4,5,1
8043,5,8,10,31,33,2,4,0,0.0,6,2319352.0,- -,0,2008-04-16,3,2,21,2,2
8042,5,10,13,32,35,4,5,0,0.0,19,649427.0,- -,0,2008-04-14,5,3,19,3,1
8041,7,17,21,22,28,5,10,0,0.0,13,991454.0,- -,0,2008-04-12,10,4,1,6,5
8040,4,8,19,22,29,8,11,0,0.0,39,55897.0,- -,0,2008-04-09,4,11,3,7,3
8039,7,11,15,27,35,4,7,1,5000000.0,7,667419.0,- -,0,2008-04-07,4,4,12,8,3
8038,12,13,19,32,33,2,10,2,8000000.0,9,557481.0,- -,0,2008-04-05,1,6,13,1,8
8037,11,20,24,31,35,4,10,2,8000000.0,19,167128.0,- -,0,2008-04-02,9,4,7,4,6
8036,9,19,22,30,32,1,10,0,0.0,6,830777.0,- -,0,2008-03-31,10,3,8,2,9
8035,2,12,13,29,30,5,7,3,5821630.0,46,260440.0,- -,0,2008-03-29,10,1,16,1,2
8034,6,7,18,34,35,5,10,0,0.0,11,1014649.0,- -,0,2008-03-26,1,11,16,1,5
8033,3,10,21,23,30,1,9,0,0.0,1,2952185.0,- -,0,2008-03-24,7,11,2,7,8
8032,3,9,19,27,33,9,10,0,0.0,23,105142.0,- -,0,2008-03-22,6,10,8,6,1
8031,14,20,23,27,28,2,4,1,5000000.0,8,560755.0,- -,0,2008-03-19,6,3,4,1,2
8030,3,21,23,26,35,5,8,0,0.0,7,715480.0,- -,0,2008-03-17,18,2,3,9,3
8029,6,11,18,29,30,4,11,0,0.0,66,40752.0,- -,0,2008-03-15,5,7,11,1,7
8028,3,11,17,19,26,7,12,1,5000000.0,17,221059.0,- -,0,2008-03-12,8,6,2,7,5
8027,5,17,23,31,32,4,8,1,5000000.0,14,306190.0,- -,0,2008-03-10,12,6,8,1,4
8026,1,21,22,24,25,8,10,2,8000000.0,14,425123.0,- -,0,2008-03-08,20,1,2,1,2
8025,6,10,12,15,28,4,12,0,0.0,13,305608.0,- -,0,2008-03-05,4,2,3,13,8
8024,8,12,17,20,30,1,2,0,0.0,11,434052.0,- -,0,2008-03-03,4,5,3,10,1
8023,6,26,31,32,34,7,10,9,8048555.0,35,35430.0,- -,0,2008-03-01,20,5,1,2,3
8022,9,12,13,25,31,8,10,0,0.0,42,74281.0,- -,0,2008-02-27,3,1,12,6,2
8021,5,10,13,21,24,4,9,0,0.0,15,312817.0,- -,0,2008-02-25,5,3,8,3,5
8020,4,5,15,17,33,4,8,2,5000000.0,19,189089.0,- -,0,2008-02-23,1,10,2,16,4
8019,8,24,25,29,31,4,5,1,5000000.0,23,69588.0,- -,0,2008-02-20,16,1,4,2,1
8018,3,6,7,11,30,2,3,0,0.0,19,226086.0,- -,0,2008-02-18,3,1,4,19,1
8017,2,14,25,29,32,1,6,3,9801592.0,16,886188.0,- -,0,2008-02-16,12,11,4,3,5
8016,8,10,11,17,19,6,9,0,0.0,5,894147.0,- -,0,2008-02-13,2,1,6,2,3
8015,9,18,20,27,33,6,9,2,5527466.0,26,193691.0,- -,0,2008-02-04,9,2,7,6,3
8014,4,7,10,28,34,1,6,0,0.0,14,904964.0,- -,0,2008-02-02,3,3,18,6,5
8013,1,11,19,22,35,5,9,0,0.0,13,270763.0,- -,0,2008-01-30,10,8,3,13,4
8012,2,10,29,32,35,2,3,2,10696513.0,15,901520.0,- -,0,2008-01-28,8,19,3,3,1
8011,14,20,22,24,27,7,10,0,0.0,6,804148.0,- -,0,2008-01-26,6,2,2,3,3
8010,6,23,24,27,29,6,8,0,0.0,25,189260.0,- -,0,2008-01-23,17,1,3,2,2
8009,4,8,12,24,30,5,8,0,0.0,10,440420.0,- -,0,2008-01-21,4,4,12,6,3
8008,2,6,8,17,32,8,9,0,0.0,27,176488.0,- -,0,2008-01-19,4,2,9,15,1
8007,3,4,5,12,28,3,12,1,5000000.0,17,240176.0,- -,0,2008-01-16,1,1,7,16,9
8006,10,12,26,29,34,5,7,6,8579412.0,11,890704.0,- -,0,2008-01-14,2,14,3,5,2
8005,18,25,29,31,34,9,10,0,0.0,15,328278.0,- -,0,2008-01-12,7,4,2,3,1
8004,9,22,24,31,33,8,9,2,5394124.0,32,113184.0,- -,0,2008-01-09,13,2,7,2,1
8003,1,11,13,32,35,2,7,1,7475629.0,20,644814.0,- -,0,2008-01-07,10,2,19,3,5
8002,1,12,24,31,32,10,12,0,0.0,11,1554020.0,- -,0,2008-01-05,11,12,7,1,2
8001,1,2,11,34,35,3,10,0,0.0,42,207844.0,- -,0,2008-01-02,1,9,23,1,7
7093,6,8,16,25,27,8,12,0,0.0,26,193020.0,- -,0,2007-12-31,2,8,9,2,4
7092,6,19,27,28,29,6,10,1,6940785.0,21,467457.0,- -,0,2007-12-29,13,8,1,1,4
7091,7,12,26,31,32,3,8,4,8379004.0,24,170552.0,- -,0,2007-12-26,5,14,5,1,5
7090,4,20,24,31,33,9,12,0,0.0,41,325510.0,- -,0,2007-12-24,16,4,7,2,3
7089,8,13,24,30,34,1,12,1,7952689.0,62,260393.0,- -,0,2007-12-22,5,11,6,4,11
7088,17,18,21,23,33,6,10,0,0.0,4,1870652.0,- -,0,2007-12-19,1,3,2,10,4
7087,8,18,30,31,33,4,9,0,0.0,15,825955.0,- -,0,2007-12-17,10,12,1,2,5
7086,14,18,19,26,28,3,9,0,0.0,27,459468.0,- -,0,2007-12-15,4,1,7,2,6
7085,17,24,28,29,33,2,5,0,0.0,21,509388.0,- -,0,2007-12-12,7,4,1,4,3
7084,5,11,18,29,34,10,11,0,0.0,23,564998.0,- -,0,2007-12-10,6,7,11,5,1
7083,1,5,20,21,24,3,4,0,0.0,6,1739592.0,- -,0,2007-12-08,4,15,1,3,1
7082,3,5,14,33,34,7,8,0,0.0,17,504075.0,- -,0,2007-12-05,2,9,19,1,1
7081,6,18,20,22,35,4,9,0,0.0,6,423726.0,- -,0,2007-12-03,12,2,2,13,5
7080,1,15,20,25,27,5,10,2,5000000.0,12,444307.0,- -,0,2007-12-01,14,5,5,2,5
7079,6,9,25,26,31,2,8,4,9187580.0,28,482694.0,- -,0,2007-11-28,3,16,1,5,6
7078,9,12,14,22,23,1,2,0,0.0,7,2023488.0,- -,0,2007-11-26,3,2,8,1,1
7077,4,6,12,13,24,1,4,1,8009863.0,13,1142726.0,- -,0,2007-11-24,2,6,1,11,3
7076,2,9,12,15,31,9,10,0,0.0,10,1214793.0,- -,0,2007-11-21,7,3,3,16,1
7075,5,11,20,30,32,7,11,0,0.0,11,1118840.0,- -,0,2007-11-19,6,9,10,2,4
7074,16,17,23,24,31,5,10,0,0.0,15,909849.0,- -,0,2007-11-17,1,6,1,7,5
7073,4,5,9,12,23,2,11,0,0.0,34,155604.0,- -,0,2007-11-14,1,4,3,11,9
7072,21,24,26,27,33,1,5,0,0.0,5,1731966.0,- -,0,2007-11-12,3,2,1,6,4
7071,10,22,32,33,35,1,7,0,0.0,35,311734.0,- -,0,2007-11-10,12,10,1,2,6
7070,7,26,29,30,35,3,4,0,0.0,11,896384.0,- -,0,2007-11-07,19,3,1,5,1
7069,2,13,16,21,35,1,5,0,0.0,11,1095638.0,- -,0,2007-11-05,11,3,5,14,4
7068,4,9,13,14,33,6,10,0,0.0,11,340766.0,- -,0,2007-11-03,5,4,1,19,4
7067,11,18,25,30,31,4,9,2,5839060.0,17,501198.0,- -,0,2007-10-31,7,7,5,1,5
7066,4,7,8,19,24,7,12,0,0.0,14,814924.0,- -,0,2007-10-29,3,1,11,5,5
7065,19,20,24,29,31,9,10,0,0.0,6,803611.0,- -,0,2007-10-27,1,4,5,2,1
7064,2,16,32,33,35,5,10,2,5823811.0,18,419393.0,- -,0,2007-10-24,14,16,1,2,5
7063,10,31,33,34,35,7,12,0,0.0,11,1176678.0,- -,0,2007-10-22,21,2,1,1,5
7062,1,4,10,14,29,11,12,0,0.0,12,339340.0,- -,0,2007-10-20,3,6,4,15,1
7061,2,10,19,28,29,2,9,0,0.0,12,320547.0,- -,0,2007-10-17,8,9,9,1,7
7060,12,13,29,30,31,4,7,4,8713843.0,30,276750.0,- -,0,2007-10-15,1,16,1,1,3
7059,4,15,23,31,33,3,9,0,0.0,14,970291.0,- -,0,2007-10-13,11,8,8,2,6
7058,8,21,25,28,33,2,6,0,0.0,12,292915.0,- -,0,2007-10-10,13,4,3,5,4
7057,14,16,30,32,35,6,7,0,0.0,13,314643.0,- -,0,2007-10-08,2,14,2,3,1
7056,4,11,17,20,21,5,9,2,9989078.0,4,1392355.0,- -,0,2007-10-06,7,6,3,1,4
7055,10,16,24,31,33,7,10,0,0.0,9,424764.0,- -,0,2007-10-03,6,8,7,2,3
7054,4,10,19,29,34,3,6,2,8000000.0,18,168056.0,- -,0,2007-10-01,6,9,10,5,3
7053,11,16,19,21,25,1,10,0,0.0,25,221278.0,- -,0,2007-09-29,5,3,2,4,9
7052,1,14,29,32,33,5,10,0,0.0,17,194579.0,- -,0,2007-09-26,13,15,3,1,5
7051,3,7,24,28,35,8,11,0,0.0,18,178083.0,- -,0,2007-09-24,4,17,4,7,3
7050,13,21,22,30,35,1,11,0,0.0,8,553060.0,- -,0,2007-09-22,8,1,8,5,10
7049,9,10,15,17,32,4,6,0,0.0,12,312297.0,- -,0,2007-09-19,1,5,2,15,2
7048,8,25,26,29,35,6,8,0,0.0,13,233128.0,- -,0,2007-09-17,17,1,3,6,2
7047,1,6,15,19,35,2,9,0,0.0,10,322739.0,- -,0,2007-09-17,5,9,4,16,7
7046,4,16,18,23,30,1,10,0,0.0,10,457073.0,- -,0,2007-09-12,12,2,5,7,9
7045,9,16,20,26,35,11,12,0,0.0,10,415033.0,- -,0,2007-09-10,7,4,6,9,1
7044,4,5,7,12,26,1,10,2,8000000.0,14,335832.0,- -,0,2007-09-08,1,2,5,14,9
7043,4,9,22,24,31,2,6,3,8000000.0,36,90123.0,- -,0,2007-09-05,5,13,2,7,4
7042,7,10,22,31,35,5,6,0,0.0,12,319633.0,- -,0,2007-09-03,3,12,9,4,1
7041,3,16,17,22,35,1,8,5,8000000.0,9,474465.0,- -,0,2007-09-01,13,1,5,13,7
7040,5,21,25,28,35,1,4,2,8000000.0,6,656193.0,- -,0,2007-08-29,16,4,3,7,3
7039,10,11,20,21,35,7,11,12,8340268.0,8,1270337.0,- -,0,2007-08-27,1,9,1,14,4
7038,6,21,25,27,32,8,9,0,0.0,5,2169412.0,- -,0,2007-08-25,15,4,2,5,1
7037,1,6,7,17,31,11,12,0,0.0,10,1244536.0,- -,0,2007-08-22,5,1,10,14,1
7036,15,18,21,27,34,1,2,0,0.0,4,2852240.0,- -,0,2007-08-20,3,3,6,7,1
7035,7,11,16,31,32,1,12,0,0.0,10,1064190.0,- -,0,2007-08-18,4,5,15,1,11
7034,6,8,11,13,22,2,11,0,0.0,5,1762398.0,- -,0,2007-08-15,2,3,2,9,9
7033,1,5,8,14,22,3,12,1,6465548.0,20,364758.0,- -,0,2007-08-13,4,3,6,8,9
7032,1,13,21,23,32,4,11,2,9931739.0,2,2704435.0,- -,0,2007-08-11,12,8,2,9,7
7031,3,21,27,31,32,6,8,0,0.0,10,846700.0,- -,0,2007-08-08,18,6,4,1,2
7030,11,14,27,33,35,2,7,0,0.0,5,1714112.0,- -,0,2007-08-06,3,13,6,2,5
7029,15,22,25,29,35,9,11,0,0.0,8,1166670.0,- -,0,2007-08-04,7,3,4,6,2
7028,20,26,30,34,35,3,10,0,0.0,11,996302.0,- -,0,2007-08-01,6,4,4,1,7
7027,2,3,10,19,27,6,10,0,0.0,15,610910.0,- -,0,2007-07-30,1,7,9,8,4
7026,5,9,13,33,35,1,8,0,0.0,7,1025366.0,- -,0,2007-07-28,4,4,20,2,7
7025,22,24,26,27,34,2,10,0,0.0,2,2970252.0,- -,0,2007-07-25,2,2,1,7,8
7024,6,16,20,25,31,4,9,0,0.0,13,142656.0,- -,0,2007-07-23,10,4,5,6,5
7023,8,10,23,32,34,8,10,2,10042201.0,4,2541406.0,- -,0,2007-07-21,2,13,9,2,2
7022,8,10,12,23,25,3,10,0,0.0,7,974473.0,- -,0,2007-07-18,2,2,11,2,7
7021,2,4,24,29,33,1,2,0,0.0,5,684472.0,- -,0,2007-07-16,2,20,5,4,1
7020,2,6,11,12,18,5,12,1,6697736.0,10,864300.0,- -,0,2007-07-14,4,5,1,6,7
7019,3,6,17,22,23,4,6,0,0.0,12,210212.0,- -,0,2007-07-11,3,11,5,1,2
7018,3,4,16,23,28,6,9,0,0.0,17,105766.0,- -,0,2007-07-09,1,12,7,5,3
7017,13,14,29,32,34,3,12,1,7167809.0,5,2111256.0,- -,0,2007-07-07,1,15,3,2,9
7016,1,14,19,24,31,3,12,0,0.0,8,1075499.0,- -,0,2007-07-04,13,5,5,7,9
7015,2,8,12,13,17,11,12,1,6713983.0,10,834635.0,- -,0,2007-07-02,6,4,1,4,1
7014,1,2,7,29,32,6,7,0,0.0,9,1306995.0,- -,0,2007-06-30,1,5,22,3,1
7013,12,17,27,29,34,6,9,0,0.0,21,133441.0,- -,0,2007-06-27,5,10,2,5,3
7012,3,12,15,29,34,7,11,1,5000000.0,9,294251.0,- -,0,2007-06-25,9,3,14,5,4
7011,29,32,33,34,35,9,10,0,0.0,3,648189.0,- -,0,2007-06-23,3,1,1,1,1
7010,6,8,18,29,34,9,11,0,0.0,6,467582.0,- -,0,2007-06-20,2,10,11,5,2
7009,1,3,9,19,34,9,12,0,0.0,9,305120.0,- -,0,2007-06-18,2,6,10,15,3
7008,2,8,11,21,23,4,7,0,0.0,8,131766.0,- -,0,2007-06-16,6,3,10,2,3
7007,14,16,25,26,35,4,9,0,0.0,6,152469.0,- -,0,2007-06-13,2,9,1,9,5
7006,1,16,20,23,28,3,6,2,8000000.0,3,461113.0,- -,0,2007-06-11,15,4,3,5,3
7005,1,9,19,20,30,2,11,0,0.0,17,115668.0,- -,0,2007-06-09,8,10,1,10,9
7004,6,10,16,17,25,2,4,0,0.0,30,42571.0,- -,0,2007-06-06,4,6,1,8,2
7003,3,4,18,23,32,1,6,2,8000000.0,3,508033.0,- -,0,2007-06-04,1,14,5,9,5
7002,15,22,31,34,35,5,12,2,8000000.0,4,543593.0,- -,0,2007-06-02,7,9,3,1,7
7001,22,24,29,31,35,4,11,3,8000000.0,9,218492.0,- -,0,2007-05-30,2,5,2,4,7
