期号,第一个数字,第二个数字,第三个数字,第四个数字,第五个数字,第六个数字,第七个数字,开奖日期,1~2,2~3,3~4,4~5,后区跨度
19097,10,17,20,30,35,10,12,2019/8/21,7,3,10,5,2
19096,2,12,22,23,27,2,6,2019/8/19,10,10,1,4,4
19095,3,12,17,19,31,2,6,2019/8/17,9,5,2,12,4
19094,1,12,14,26,27,7,9,2019/8/14,11,2,12,1,2
19093,16,17,26,29,35,1,7,2019/8/12,1,9,3,6,6
19092,2,11,15,27,30,2,5,2019/8/10,9,4,12,3,3
19091,4,13,20,26,28,3,12,2019/8/7,9,7,6,2,9
19090,13,19,28,30,33,2,12,2019/8/5,6,9,2,3,10
19089,9,14,18,33,34,3,12,2019/8/3,5,4,15,1,9
19088,1,5,18,27,33,6,8,2019/7/31,4,13,9,6,2
19087,5,6,18,19,27,7,12,2019/7/29,1,12,1,8,5
19086,5,15,16,28,31,2,7,2019/7/27,10,1,12,3,5
19085,4,5,6,15,26,8,11,2019/7/24,1,1,9,11,3
19084,12,23,25,34,35,1,7,2019/7/22,11,2,9,1,6
19083,17,24,26,28,32,7,9,2019/7/20,7,2,2,4,2
19082,6,18,20,21,31,3,4,2019/7/17,12,2,1,10,1
19081,6,24,26,30,33,2,7,2019/7/15,18,2,4,3,5
19080,5,13,18,19,24,2,7,2019/7/13,8,5,1,5,5
19079,10,13,16,28,35,4,5,2019/7/10,3,3,12,7,1
19078,5,10,21,26,30,1,7,2019/7/8,5,11,5,4,6
19077,1,15,17,21,33,7,10,2019/7/6,14,2,4,12,3
19076,1,6,11,23,29,1,11,2019/7/3,5,5,12,6,10
19075,5,6,7,11,16,2,11,2019/7/1,1,1,4,5,9
19074,8,9,13,14,34,5,7,2019/6/29,1,4,1,20,2
19073,4,11,19,20,24,8,11,2019/6/26,7,8,1,4,3
19072,2,4,6,9,18,7,10,2019/6/24,2,2,3,9,3
19071,7,13,14,15,22,7,11,2019/6/22,6,1,1,7,4
19070,2,13,15,22,34,2,12,2019/6/19,11,2,7,12,10
19069,8,22,23,33,34,4,6,2019/6/17,14,1,10,1,2
19068,4,5,8,17,27,6,11,2019/6/15,1,3,9,10,5
19067,3,8,11,15,16,2,10,2019/6/12,5,3,4,1,8
19066,4,10,11,18,31,5,8,2019/6/10,6,1,7,13,3
19065,3,8,10,23,27,2,12,2019/6/8,5,2,13,4,10
19064,7,8,13,19,29,11,12,2019/6/5,1,5,6,10,1
19063,5,8,15,18,21,4,8,2019/6/3,3,7,3,3,4
19062,5,16,23,25,28,1,12,2019/6/1,11,7,2,3,11
19061,1,2,13,14,26,5,11,2019/5/29,1,11,1,12,6
19060,1,11,12,18,21,8,10,2019/5/27,10,1,6,3,2
19059,7,8,15,27,32,8,12,2019/5/25,1,7,12,5,4
19058,3,10,13,14,32,7,11,2019/5/22,7,3,1,18,4
19057,8,14,16,34,35,6,12,2019/5/20,6,2,18,1,6
19056,1,7,10,12,23,6,8,2019/5/18,6,3,2,11,2
19055,2,4,6,19,22,2,6,2019/5/15,2,2,13,3,4
19054,2,18,23,27,30,5,10,2019/5/13,16,5,4,3,5
19053,1,11,19,26,35,11,12,2019/5/11,10,8,7,9,1
19052,4,10,15,20,24,7,11,2019/5/8,6,5,5,4,4
19051,11,15,16,20,29,4,8,2019/5/6,4,1,4,9,4
19050,4,15,16,20,35,3,12,2019/5/4,11,1,4,15,9
19049,10,16,22,26,27,7,11,2019/5/1,6,6,4,1,4
19048,6,10,16,29,33,5,11,2019/4/29,4,6,13,4,6
19047,3,4,10,16,32,4,9,2019/4/27,1,6,6,16,5
19046,2,8,14,15,35,10,12,2019/4/24,6,6,1,20,2
19045,1,4,16,19,33,3,12,2019/4/22,3,12,3,14,9
19044,3,6,10,12,31,1,2,2019/4/20,3,4,2,19,1
19043,2,6,7,12,15,6,12,2019/4/17,4,1,5,3,6
19042,4,10,13,28,33,11,12,2019/4/15,6,3,15,5,1
19041,12,19,20,22,28,2,6,2019/4/13,7,1,2,6,4
19040,1,3,31,32,34,1,3,2019/4/10,2,28,1,2,2
19039,1,12,18,26,35,6,12,2019/4/8,11,6,8,9,6
19038,5,11,16,18,27,7,12,2019/4/6,6,5,2,9,5
19037,6,16,26,33,35,4,8,2019/4/3,10,10,7,2,4
19036,3,9,21,28,30,1,12,2019/4/1,6,12,7,2,11
19035,1,3,5,7,18,8,9,2019/3/30,2,2,2,11,1
19034,8,12,15,27,30,1,2,2019/3/27,4,3,12,3,1
19033,1,2,4,16,24,7,9,2019/3/25,1,2,12,8,2
19032,1,4,7,11,30,7,8,2019/3/23,3,3,4,19,1
19031,3,8,21,26,33,4,5,2019/3/20,5,13,5,7,1
19030,7,9,13,14,33,2,4,2019/3/18,2,4,1,19,2
19029,1,4,18,24,28,2,3,2019/3/16,3,14,6,4,1
19028,6,22,28,29,33,2,7,2019/3/13,16,6,1,4,5
19027,16,18,24,25,27,2,7,2019/3/11,2,6,1,2,5
19026,10,12,15,17,19,2,3,2019/3/9,2,3,2,2,1
19025,6,13,16,19,29,3,7,2019/3/6,7,3,3,10,4
19024,11,17,19,29,33,8,9,2019/3/4,6,2,10,4,1
19023,1,3,14,26,30,6,11,2019/3/2,2,11,12,4,5
19022,1,4,14,15,21,1,5,2019/2/27,3,10,1,6,4
19021,7,13,17,24,33,1,10,2019/2/25,6,4,7,9,9
19020,1,8,16,27,34,3,12,2019/2/23,7,8,11,7,9
19019,4,11,19,25,32,1,2,2019/2/20,7,8,6,7,1
19018,3,18,19,26,34,6,12,2019/2/18,15,1,7,8,6
19017,1,5,7,22,25,3,4,2019/2/16,4,2,15,3,1
19016,3,5,13,16,28,2,6,2019/2/13,2,8,3,12,4
19015,2,5,10,13,30,4,6,2019/2/11,3,5,3,17,2
19014,12,14,20,28,31,9,11,2019/2/2,2,6,8,3,2
19013,8,10,15,17,18,1,8,2019/1/30,2,5,2,1,7
19012,5,9,17,18,19,7,10,2019/1/28,4,8,1,1,3
19011,4,12,13,16,17,4,9,2019/1/26,8,1,3,1,5
19010,3,7,24,25,27,2,12,2019/1/23,4,17,1,2,10
19009,3,9,15,18,26,6,12,2019/1/21,6,6,3,8,6
19008,3,8,17,20,24,6,11,2019/1/19,5,9,3,4,5
19007,3,12,16,29,32,1,5,2019/1/16,9,4,13,3,4
19006,14,17,19,25,30,4,8,2019/1/14,3,2,6,5,4
19005,21,26,27,29,34,5,6,2019/1/12,5,1,2,5,1
19004,15,16,17,31,32,3,9,2019/1/9,1,1,14,1,6
19003,4,8,18,20,32,10,12,2019/1/7,4,10,2,12,2
19002,2,7,14,22,31,1,7,2019/1/5,5,7,8,9,6
19001,6,18,23,26,28,3,12,2019/1/2,12,5,3,2,9
18154,14,22,23,26,30,3,5,2018/12/31,8,1,3,4,2
18153,3,6,7,8,21,1,8,2018/12/29,3,1,1,13,7
18152,2,4,5,12,28,8,11,2018/12/26,2,1,7,16,3
18151,4,8,18,29,30,3,7,2018/12/24,4,10,11,1,4
18150,5,12,13,31,34,10,12,2018/12/22,7,1,18,3,2
18149,1,7,10,11,20,3,6,2018/12/19,6,3,1,9,3
18148,2,6,24,33,34,2,3,2018/12/17,4,18,9,1,1
18147,1,11,26,33,35,2,10,2018/12/15,10,15,7,2,8
18146,3,8,9,13,33,1,2,2018/12/12,5,1,4,20,1
18145,9,18,29,31,33,6,11,2018/12/10,9,11,2,2,5
18144,6,17,18,24,31,7,11,2018/12/8,11,1,6,7,4
18143,4,7,20,22,33,1,2,2018/12/5,3,13,2,11,1
18142,19,24,28,29,34,10,11,2018/12/3,5,4,1,5,1
18141,3,7,23,26,33,4,9,2018/12/1,4,16,3,7,5
18140,1,6,8,12,15,3,4,2018/11/28,5,2,4,3,1
18139,5,11,16,28,35,6,9,2018/11/26,6,5,12,7,3
18138,1,23,24,28,33,4,5,2018/11/24,22,1,4,5,1
18137,7,10,22,23,33,8,11,2018/11/21,3,12,1,10,3
18136,3,11,12,19,21,5,11,2018/11/19,8,1,7,2,6
18135,14,19,23,27,34,6,12,2018/11/17,5,4,4,7,6
18134,4,5,19,31,35,2,12,2018/11/14,1,14,12,4,10
18133,8,12,14,15,19,1,10,2018/11/12,4,2,1,4,9
18132,3,16,22,23,27,1,4,2018/11/10,13,6,1,4,3
18131,12,14,21,32,33,2,11,2018/11/7,2,7,11,1,9
18130,3,4,16,18,25,1,11,2018/11/5,1,12,2,7,10
18129,4,7,21,22,29,3,6,2018/11/3,3,14,1,7,3
18128,11,12,14,16,26,8,9,2018/10/31,1,2,2,10,1
18127,1,3,4,11,29,8,12,2018/10/29,2,1,7,18,4
18126,11,13,15,21,27,5,6,2018/10/27,2,2,6,6,1
18125,7,16,20,21,34,4,6,2018/10/24,9,4,1,13,2
18124,8,10,12,19,20,10,11,2018/10/22,2,2,7,1,1
18123,6,9,29,32,35,2,4,2018/10/20,3,20,3,3,2
18122,8,9,21,30,31,5,12,2018/10/17,1,12,9,1,7
18121,6,7,21,29,30,1,10,2018/10/15,1,14,8,1,9
18120,21,22,25,27,30,8,9,2018/10/13,1,3,2,3,1
18119,6,9,11,16,35,2,5,2018/10/10,3,2,5,19,3
18118,4,5,14,21,34,6,9,2018/10/8,1,9,7,13,3
18117,7,11,13,22,29,3,8,2018/10/6,4,2,9,7,5
18116,1,14,17,21,33,7,10,2018/10/3,13,3,4,12,3
18115,2,6,13,18,25,1,2,2018/10/1,4,7,5,7,1
18114,12,18,26,28,29,5,6,2018/9/29,6,8,2,1,1
18113,8,12,27,31,33,4,8,2018/9/26,4,15,4,2,4
18112,3,7,8,9,29,9,10,2018/9/24,4,1,1,20,1
18111,3,16,27,28,32,4,5,2018/9/22,13,11,1,4,1
18110,6,19,21,27,28,3,11,2018/9/19,13,2,6,1,8
18109,10,16,23,25,34,2,5,2018/9/17,6,7,2,9,3
18108,9,10,24,31,32,7,12,2018/9/15,1,14,7,1,5
18107,7,8,9,10,22,3,4,2018/9/12,1,1,1,12,1
18106,4,14,17,24,31,1,4,2018/9/10,10,3,7,7,3
18105,1,16,19,20,31,2,7,2018/9/8,15,3,1,11,5
18104,1,13,14,26,28,7,11,2018/9/5,12,1,12,2,4
18103,14,24,26,28,35,2,3,2018/9/3,10,2,2,7,1
18102,6,7,13,22,24,10,12,2018/9/1,1,6,9,2,2
18101,3,14,15,23,29,4,5,2018/8/29,11,1,8,6,1
18100,6,20,21,26,30,6,9,2018/8/27,14,1,5,4,3
18099,12,13,16,20,21,1,7,2018/8/25,1,3,4,1,6
18098,2,15,18,25,27,5,7,2018/8/22,13,3,7,2,2
18097,10,12,14,18,23,1,4,2018/8/20,2,2,4,5,3
18096,13,14,20,28,34,6,10,2018/8/18,1,6,8,6,4
18095,7,14,18,29,35,5,12,2018/8/15,7,4,11,6,7
18094,11,16,25,30,34,8,10,2018/8/13,5,9,5,4,2
18093,3,11,16,18,33,3,11,2018/8/11,8,5,2,15,8
18092,5,7,14,18,19,4,10,2018/8/8,2,7,4,1,6
18091,6,22,26,28,31,1,7,2018/8/6,16,4,2,3,6
18090,6,20,24,33,34,4,11,2018/8/4,14,4,9,1,7
18089,26,27,28,32,34,6,10,2018/8/1,1,1,4,2,4
18088,8,9,21,25,33,1,8,2018/7/30,1,12,4,8,7
18087,3,14,19,23,25,1,4,2018/7/28,11,5,4,2,3
18086,16,22,24,29,31,4,5,2018/7/25,6,2,5,2,1
18085,1,2,14,25,31,5,7,2018/7/23,1,12,11,6,2
18084,6,11,17,22,35,11,12,2018/7/21,5,6,5,13,1
18083,7,12,25,27,28,10,11,2018/7/18,5,13,2,1,1
18082,1,2,14,17,18,8,10,2018/7/16,1,12,3,1,2
18081,2,10,13,21,35,1,12,2018/7/14,8,3,8,14,11
18080,7,16,24,26,31,10,11,2018/7/11,9,8,2,5,1
18079,3,4,10,27,29,1,5,2018/7/9,1,6,17,2,4
18078,7,11,12,22,30,3,6,2018/7/7,4,1,10,8,3
18077,1,6,9,15,26,8,9,2018/7/4,5,3,6,11,1
18076,7,18,28,29,32,6,8,2018/7/2,11,10,1,3,2
18075,1,6,12,20,34,4,12,2018/6/30,5,6,8,14,8
18074,3,9,12,28,30,4,12,2018/6/27,6,3,16,2,8
18073,13,19,24,25,29,2,8,2018/6/25,6,5,1,4,6
18072,5,12,17,24,26,1,2,2018/6/23,7,5,7,2,1
18071,2,5,23,30,31,3,9,2018/6/20,3,18,7,1,6
18070,2,5,10,16,30,4,7,2018/6/18,3,5,6,14,3
18069,1,8,13,21,24,2,11,2018/6/16,7,5,8,3,9
18068,8,12,16,26,33,5,6,2018/6/13,4,4,10,7,1
18067,3,7,12,18,31,7,10,2018/6/11,4,5,6,13,3
18066,1,20,23,32,33,1,4,2018/6/9,19,3,9,1,3
18065,7,10,28,31,32,8,10,2018/6/6,3,18,3,1,2
18064,1,3,4,11,29,2,4,2018/6/4,2,1,7,18,2
18063,5,14,15,32,34,3,10,2018/6/2,9,1,17,2,7
18062,12,14,19,23,35,2,7,2018/5/30,2,5,4,12,5
18061,4,10,12,28,31,8,11,2018/5/28,6,2,16,3,3
18060,4,22,27,29,31,2,10,2018/5/26,18,5,2,2,8
18059,1,9,10,27,35,6,11,2018/5/23,8,1,17,8,5
18058,9,11,12,26,32,4,10,2018/5/21,2,1,14,6,6
18057,13,19,22,27,28,5,6,2018/5/19,6,3,5,1,1
18056,2,4,16,28,34,5,7,2018/5/16,2,12,12,6,2
18055,3,7,20,33,34,9,10,2018/5/14,4,13,13,1,1
18054,9,10,12,20,30,1,7,2018/5/12,1,2,8,10,6
18053,11,16,21,23,25,2,12,2018/5/9,5,5,2,2,10
18052,5,16,18,19,25,2,7,2018/5/7,11,2,1,6,5
18051,9,18,28,29,35,3,11,2018/5/5,9,10,1,6,8
18050,22,24,26,34,35,6,12,2018/5/2,2,2,8,1,6
18049,4,7,9,10,13,6,12,2018/4/30,3,2,1,3,6
18048,2,3,11,20,25,2,7,2018/4/28,1,8,9,5,5
18047,3,8,10,14,20,4,8,2018/4/25,5,2,4,6,4
18046,10,20,22,29,32,5,10,2018/4/23,10,2,7,3,5
18045,2,5,20,30,35,5,9,2018/4/21,3,15,10,5,4
18044,2,4,6,18,21,5,8,2018/4/18,2,2,12,3,3
18043,3,6,13,28,33,4,11,2018/4/16,3,7,15,5,7
18042,3,19,25,29,35,5,9,2018/4/14,16,6,4,6,4
18041,1,23,25,31,33,1,12,2018/4/11,22,2,6,2,11
18040,5,7,18,27,31,1,8,2018/4/9,2,11,9,4,7
18039,2,7,14,29,32,10,11,2018/4/7,5,7,15,3,1
18038,14,23,25,31,32,1,3,2018/4/4,9,2,6,1,2
18037,1,3,27,30,31,2,11,2018/4/2,2,24,3,1,9
18036,11,17,18,21,27,7,8,2018/3/31,6,1,3,6,1
18035,5,7,10,12,24,7,11,2018/3/28,2,3,2,12,4
18034,8,11,22,27,32,3,7,2018/3/26,3,11,5,5,4
18033,2,3,19,23,34,4,9,2018/3/24,1,16,4,11,5
18032,7,10,17,32,35,5,12,2018/3/21,3,7,15,3,7
18031,3,8,13,17,23,5,11,2018/3/19,5,5,4,6,6
18030,5,18,21,28,32,9,11,2018/3/17,13,3,7,4,2
18029,3,9,21,25,29,1,8,2018/3/14,6,12,4,4,7
18028,4,19,25,30,35,4,7,2018/3/12,15,6,5,5,3
18027,1,18,20,21,26,4,11,2018/3/10,17,2,1,5,7
18026,1,2,3,4,30,3,5,2018/3/7,1,1,1,26,2
18025,7,8,9,15,34,7,8,2018/3/5,1,1,6,19,1
18024,2,16,24,30,32,4,7,2018/3/3,14,8,6,2,3
18023,12,13,18,21,29,2,8,2018/2/28,1,5,3,8,6
18022,2,10,19,33,35,5,6,2018/2/26,8,9,14,2,1
18021,5,6,8,9,15,4,11,2018/2/24,1,2,1,6,7
18020,1,10,13,14,21,9,12,2018/2/14,9,3,1,7,3
18019,10,11,19,21,28,5,12,2018/2/12,1,8,2,7,7
18018,6,8,13,24,28,6,12,2018/2/10,2,5,11,4,6
18017,4,19,21,23,31,4,9,2018/2/7,15,2,2,8,5
18016,1,2,12,13,23,9,12,2018/2/5,1,10,1,10,3
18015,4,13,15,18,29,5,11,2018/2/3,9,2,3,11,6
18014,14,16,18,24,31,1,8,2018/1/31,2,2,6,7,7
18013,8,24,31,33,35,7,10,2018/1/29,16,7,2,2,3
18012,3,22,24,29,34,7,11,2018/1/27,19,2,5,5,4
18011,3,13,15,23,26,1,10,2018/1/24,10,2,8,3,9
18010,24,25,26,28,29,4,12,2018/1/22,1,1,2,1,8
18009,10,12,28,30,34,3,4,2018/1/20,2,16,2,4,1
18008,9,15,17,20,22,10,11,2018/1/17,6,2,3,2,1
18007,3,4,28,31,34,4,11,2018/1/15,1,24,3,3,7
18006,19,20,30,32,33,3,5,2018/1/13,1,10,2,1,2
18005,4,9,23,24,30,8,11,2018/1/10,5,14,1,6,3
18004,4,9,22,28,30,1,10,2018/1/8,5,13,6,2,9
18003,4,21,23,24,30,9,10,2018/1/6,17,2,1,6,1
18002,12,20,23,27,34,1,6,2018/1/3,8,3,4,7,5
18001,1,13,22,25,35,3,4,2018/1/1,12,9,3,10,1
17153,1,9,24,26,34,9,12,2017/12/30,8,15,2,8,3
17152,2,4,7,23,28,2,8,2017/12/27,2,3,16,5,6
17151,5,6,23,28,32,4,5,2017/12/25,1,17,5,4,1
17150,3,6,10,13,18,9,11,2017/12/23,3,4,3,5,2
17149,10,18,19,25,26,4,12,2017/12/20,8,1,6,1,8
17148,19,27,31,32,35,11,12,2017/12/18,8,4,1,3,1
17147,5,16,17,25,34,1,11,2017/12/16,11,1,8,9,10
17146,1,5,11,14,35,9,10,2017/12/13,4,6,3,21,1
17145,4,7,17,18,19,3,10,2017/12/11,3,10,1,1,7
17144,3,21,23,29,32,10,11,2017/12/9,18,2,6,3,1
17143,6,9,24,29,32,2,7,2017/12/6,3,15,5,3,5
17142,1,5,16,19,28,2,10,2017/12/4,4,11,3,9,8
17141,2,8,21,22,29,3,5,2017/12/2,6,13,1,7,2
17140,10,16,25,26,29,1,5,2017/11/29,6,9,1,3,4
17139,2,6,19,25,32,9,12,2017/11/27,4,13,6,7,3
17138,4,7,9,20,25,2,11,2017/11/25,3,2,11,5,9
17137,1,20,22,28,29,5,7,2017/11/22,19,2,6,1,2
17136,1,11,20,21,22,3,4,2017/11/20,10,9,1,1,1
17135,1,12,15,19,22,2,4,2017/11/18,11,3,4,3,2
17134,7,18,19,32,34,2,10,2017/11/15,11,1,13,2,8
17133,15,17,19,32,33,1,3,2017/11/13,2,2,13,1,2
17132,11,17,23,26,27,1,10,2017/11/11,6,6,3,1,9
17131,3,5,8,19,34,1,12,2017/11/8,2,3,11,15,11
17130,5,18,28,33,34,3,4,2017/11/6,13,10,5,1,1
17129,5,17,20,32,33,4,9,2017/11/4,12,3,12,1,5
17128,9,11,13,18,33,2,3,2017/11/1,2,2,5,15,1
17127,2,15,18,21,22,3,10,2017/10/30,13,3,3,1,7
17126,3,4,13,24,33,1,11,2017/10/28,1,9,11,9,10
17125,7,11,18,26,28,4,5,2017/10/25,4,7,8,2,1
17124,3,29,30,32,35,3,8,2017/10/23,26,1,2,3,5
17123,3,15,23,26,32,1,12,2017/10/21,12,8,3,6,11
17122,3,12,18,29,34,3,11,2017/10/18,9,6,11,5,8
17121,1,6,12,26,31,1,7,2017/10/16,5,6,14,5,6
17120,8,15,24,26,27,5,6,2017/10/14,7,9,2,1,1
17119,5,7,13,29,35,3,8,2017/10/11,2,6,16,6,5
17118,2,7,16,20,33,3,11,2017/10/9,5,9,4,13,8
17117,5,7,9,24,32,8,10,2017/10/7,2,2,15,8,2
17116,2,27,30,32,33,1,3,2017/10/4,25,3,2,1,2
17115,14,19,20,25,31,6,8,2017/10/2,5,1,5,6,2
17114,6,7,12,18,23,1,12,2017/9/30,1,5,6,5,11
17113,5,8,17,18,23,4,12,2017/9/27,3,9,1,5,8
17112,5,6,20,31,32,6,12,2017/9/25,1,14,11,1,6
17111,2,14,17,26,34,8,12,2017/9/23,12,3,9,8,4
17110,10,14,20,21,35,2,5,2017/9/20,4,6,1,14,3
17109,6,9,19,26,34,5,7,2017/9/18,3,10,7,8,2
17108,1,4,15,21,22,4,9,2017/9/16,3,11,6,1,5
17107,4,10,19,25,27,6,12,2017/9/13,6,9,6,2,6
17106,9,12,18,23,29,2,4,2017/9/11,3,6,5,6,2
17105,4,15,22,24,32,2,9,2017/9/9,11,7,2,8,7
17104,9,11,22,27,30,9,11,2017/9/6,2,11,5,3,2
17103,4,19,20,24,29,3,4,2017/9/4,15,1,4,5,1
17102,1,12,23,24,29,8,12,2017/9/2,11,11,1,5,4
17101,5,15,21,25,29,5,8,2017/8/30,10,6,4,4,3
17100,2,5,18,19,31,1,9,2017/8/28,3,13,1,12,8
17099,8,9,17,18,24,3,7,2017/8/26,1,8,1,6,4
17098,6,9,17,30,35,10,11,2017/8/23,3,8,13,5,1
17097,7,14,19,22,34,7,12,2017/8/21,7,5,3,12,5
17096,3,7,9,17,28,4,12,2017/8/19,4,2,8,11,8
17095,15,32,33,34,35,3,12,2017/8/16,17,1,1,1,9
17094,3,5,8,29,33,4,8,2017/8/14,2,3,21,4,4
17093,5,6,17,21,29,2,4,2017/8/12,1,11,4,8,2
17092,3,7,9,17,34,4,5,2017/8/9,4,2,8,17,1
17091,1,5,7,16,19,3,12,2017/8/7,4,2,9,3,9
17090,3,6,15,22,35,9,11,2017/8/5,3,9,7,13,2
17089,3,5,6,15,18,3,10,2017/8/2,2,1,9,3,7
17088,5,28,31,34,35,8,9,2017/7/31,23,3,3,1,1
17087,3,14,21,29,35,2,6,2017/7/29,11,7,8,6,4
17086,12,15,18,22,31,1,8,2017/7/26,3,3,4,9,7
17085,9,13,14,25,30,2,5,2017/7/24,4,1,11,5,3
17084,6,11,14,21,31,9,12,2017/7/22,5,3,7,10,3
17083,2,5,14,22,34,3,9,2017/7/19,3,9,8,12,6
17082,5,13,20,21,25,8,9,2017/7/17,8,7,1,4,1
17081,2,12,15,20,34,1,6,2017/7/15,10,3,5,14,5
17080,8,10,21,30,31,2,5,2017/7/12,2,11,9,1,3
17079,1,17,19,32,33,2,11,2017/7/10,16,2,13,1,9
17078,4,5,27,31,34,3,6,2017/7/8,1,22,4,3,3
17077,1,3,4,25,31,6,9,2017/7/5,2,1,21,6,3
17076,2,7,25,30,35,7,12,2017/7/3,5,18,5,5,5
17075,5,11,16,18,35,1,6,2017/7/1,6,5,2,17,5
17074,8,10,11,13,17,8,11,2017/6/28,2,1,2,4,3
17073,7,18,28,31,33,1,2,2017/6/26,11,10,3,2,1
17072,1,3,29,32,34,2,5,2017/6/24,2,26,3,2,3
17071,1,4,11,14,33,5,7,2017/6/21,3,7,3,19,2
17070,6,16,18,26,30,2,3,2017/6/19,10,2,8,4,1
17069,10,16,20,23,32,8,11,2017/6/17,6,4,3,9,3
17068,7,8,19,24,27,6,7,2017/6/14,1,11,5,3,1
17067,10,17,18,32,35,10,11,2017/6/12,7,1,14,3,1
17066,11,15,23,26,30,2,11,2017/6/10,4,8,3,4,9
17065,5,11,12,19,28,5,12,2017/6/7,6,1,7,9,7
17064,1,8,20,27,30,3,4,2017/6/5,7,12,7,3,1
17063,18,21,22,24,29,5,11,2017/6/3,3,1,2,5,6
17062,1,4,6,8,28,8,12,2017/5/31,3,2,2,20,4
17061,10,19,23,25,30,2,4,2017/5/29,9,4,2,5,2
17060,9,15,20,26,31,5,12,2017/5/27,6,5,6,5,7
17059,8,11,13,15,17,3,10,2017/5/24,3,2,2,2,7
17058,14,18,20,21,28,3,6,2017/5/22,4,2,1,7,3
17057,12,16,19,23,24,2,5,2017/5/20,4,3,4,1,3
17056,1,4,24,27,32,3,10,2017/5/17,3,20,3,5,7
17055,19,20,22,30,33,3,9,2017/5/15,1,2,8,3,6
17054,16,29,30,32,33,4,5,2017/5/13,13,1,2,1,1
17053,6,19,20,22,26,1,11,2017/5/10,13,1,2,4,10
17052,3,19,24,28,33,4,12,2017/5/8,16,5,4,5,8
17051,14,17,18,22,29,10,11,2017/5/6,3,1,4,7,1
17050,12,14,17,20,28,2,6,2017/5/3,2,3,3,8,4
17049,9,12,14,22,31,5,8,2017/5/1,3,2,8,9,3
17048,7,9,13,15,19,3,10,2017/4/29,2,4,2,4,7
17047,15,19,32,33,34,9,12,2017/4/26,4,13,1,1,3
17046,4,17,20,23,30,2,3,2017/4/24,13,3,3,7,1
17045,1,8,11,21,35,9,12,2017/4/22,7,3,10,14,3
17044,11,16,17,18,25,2,9,2017/4/19,5,1,1,7,7
17043,6,13,22,25,35,9,12,2017/4/17,7,9,3,10,3
17042,2,17,31,33,34,1,7,2017/4/15,15,14,2,1,6
17041,2,4,6,25,31,5,9,2017/4/12,2,2,19,6,4
17040,4,6,10,23,29,9,11,2017/4/10,2,4,13,6,2
17039,5,6,14,17,26,3,8,2017/4/8,1,8,3,9,5
17038,4,5,13,18,27,3,9,2017/4/5,1,8,5,9,6
17037,13,15,16,32,34,6,11,2017/4/3,2,1,16,2,5
17036,1,4,9,18,33,2,5,2017/4/1,3,5,9,15,3
17035,14,17,22,30,33,7,12,2017/3/29,3,5,8,3,5
17034,6,12,21,26,29,2,11,2017/3/27,6,9,5,3,9
17033,15,22,23,25,34,5,11,2017/3/25,7,1,2,9,6
17032,2,13,14,18,29,3,9,2017/3/22,11,1,4,11,6
17031,2,16,17,30,32,2,9,2017/3/20,14,1,13,2,7
17030,21,22,24,29,34,5,6,2017/3/18,1,2,5,5,1
17029,1,6,14,17,29,1,11,2017/3/15,5,8,3,12,10
17028,6,18,22,23,33,9,11,2017/3/13,12,4,1,10,2
17027,8,17,25,33,34,3,11,2017/3/11,9,8,8,1,8
17026,10,14,19,25,32,2,7,2017/3/8,4,5,6,7,5
17025,10,16,19,20,34,4,5,2017/3/6,6,3,1,14,1
17024,21,23,29,32,35,11,12,2017/3/4,2,6,3,3,1
17023,5,8,12,24,34,7,10,2017/3/1,3,4,12,10,3
17022,2,3,9,17,24,6,12,2017/2/27,1,6,8,7,6
17021,1,15,17,20,26,6,8,2017/2/25,14,2,3,6,2
17020,16,21,24,27,28,4,7,2017/2/22,5,3,3,1,3
17019,2,6,14,23,25,2,10,2017/2/20,4,8,9,2,8
17018,6,7,10,17,23,1,9,2017/2/18,1,3,7,6,8
17017,4,19,24,26,29,4,6,2017/2/15,15,5,2,3,2
17016,3,13,28,30,33,9,10,2017/2/13,10,15,2,3,1
17015,1,7,19,27,34,1,2,2017/2/11,6,12,8,7,1
17014,4,8,15,24,25,2,5,2017/2/8,4,7,9,1,3
17013,5,12,17,30,34,11,12,2017/2/6,7,5,13,4,1
17012,4,5,24,26,35,7,12,2017/2/4,1,19,2,9,5
17011,5,15,21,29,34,6,9,2017/1/25,10,6,8,5,3
17010,4,10,13,18,35,1,2,2017/1/23,6,3,5,17,1
17009,5,6,8,12,22,3,4,2017/1/21,1,2,4,10,1
17008,3,4,9,25,32,2,4,2017/1/18,1,5,16,7,2
17007,8,11,17,25,27,2,4,2017/1/16,3,6,8,2,2
17006,4,6,23,32,33,5,6,2017/1/14,2,17,9,1,1
17005,5,9,20,26,35,2,11,2017/1/11,4,11,6,9,9
17004,5,8,11,28,31,6,7,2017/1/9,3,3,17,3,1
17003,3,5,6,13,22,9,12,2017/1/7,2,1,7,9,3
17002,7,12,14,31,34,9,11,2017/1/4,5,2,17,3,2
17001,7,9,20,31,33,8,10,2017/1/2,2,11,11,2,2
16154,6,16,17,21,29,4,6,2016/12/31,10,1,4,8,2
16153,13,18,25,29,35,3,11,2016/12/28,5,7,4,6,8
16152,8,17,22,24,30,5,11,2016/12/26,9,5,2,6,6
16151,4,7,11,14,21,5,12,2016/12/24,3,4,3,7,7
16150,1,10,18,24,29,7,10,2016/12/21,9,8,6,5,3
16149,1,2,3,12,33,4,9,2016/12/19,1,1,9,21,5
16148,5,14,15,23,25,6,8,2016/12/17,9,1,8,2,2
16147,7,19,20,28,30,4,12,2016/12/14,12,1,8,2,8
16146,21,22,25,29,34,1,11,2016/12/12,1,3,4,5,10
16145,1,9,11,17,28,3,8,2016/12/10,8,2,6,11,5
16144,4,5,13,22,31,5,10,2016/12/7,1,8,9,9,5
16143,4,6,22,27,31,6,7,2016/12/5,2,16,5,4,1
16142,1,6,17,23,26,6,12,2016/12/3,5,11,6,3,6
16141,2,6,7,19,28,11,12,2016/11/30,4,1,12,9,1
16140,12,16,23,29,34,4,11,2016/11/28,4,7,6,5,7
16139,13,21,30,31,35,1,8,2016/11/26,8,9,1,4,7
16138,12,13,16,29,35,5,11,2016/11/23,1,3,13,6,6
16137,7,20,23,29,34,2,10,2016/11/21,13,3,6,5,8
16136,5,6,7,19,23,4,11,2016/11/19,1,1,12,4,7
16135,1,10,12,18,35,1,12,2016/11/16,9,2,6,17,11
16134,1,3,31,32,34,2,7,2016/11/14,2,28,1,2,5
16133,1,4,5,23,28,5,9,2016/11/12,3,1,18,5,4
16132,4,18,19,22,35,1,2,2016/11/9,14,1,3,13,1
16131,6,13,25,28,30,2,7,2016/11/7,7,12,3,2,5
16130,11,23,32,33,34,1,12,2016/11/5,12,9,1,1,11
16129,7,8,19,30,35,8,9,2016/11/2,1,11,11,5,1
16128,17,20,22,30,33,7,8,2016/10/31,3,2,8,3,1
16127,1,5,15,24,26,9,10,2016/10/29,4,10,9,2,1
16126,11,13,16,19,24,6,8,2016/10/26,2,3,3,5,2
16125,6,7,8,28,30,1,2,2016/10/24,1,1,20,2,1
16124,4,13,24,26,29,8,11,2016/10/22,9,11,2,3,3
16123,4,5,13,20,32,1,10,2016/10/19,1,8,7,12,9
16122,1,3,12,14,29,2,6,2016/10/17,2,9,2,15,4
16121,4,5,8,15,20,1,6,2016/10/15,1,3,7,5,5
16120,3,10,20,32,34,4,7,2016/10/12,7,10,12,2,3
16119,2,3,9,21,22,5,10,2016/10/10,1,6,12,1,5
16118,12,15,18,24,29,3,11,2016/10/8,3,3,6,5,8
16117,3,9,14,16,23,2,9,2016/10/5,6,5,2,7,7
16116,4,6,8,19,34,10,12,2016/10/3,2,2,11,15,2
16115,1,4,15,31,34,2,11,2016/10/1,3,11,16,3,9
16114,16,17,20,32,33,3,7,2016/9/28,1,3,12,1,4
16113,10,11,17,30,34,3,12,2016/9/26,1,6,13,4,9
16112,7,22,23,31,32,4,5,2016/9/24,15,1,8,1,1
16111,4,9,22,26,27,2,12,2016/9/21,5,13,4,1,10
16110,7,20,21,23,30,7,10,2016/9/19,13,1,2,7,3
16109,3,25,28,31,34,11,12,2016/9/17,22,3,3,3,1
16108,10,17,22,23,25,7,9,2016/9/14,7,5,1,2,2
16107,2,6,19,24,26,4,6,2016/9/12,4,13,5,2,2
16106,3,21,30,33,35,1,4,2016/9/10,18,9,3,2,3
16105,8,11,31,34,35,1,2,2016/9/7,3,20,3,1,1
16104,1,20,22,23,30,6,7,2016/9/5,19,2,1,7,1
16103,5,14,20,23,29,3,11,2016/9/3,9,6,3,6,8
16102,3,5,6,34,35,3,12,2016/8/31,2,1,28,1,9
16101,4,6,28,33,35,7,12,2016/8/29,2,22,5,2,5
16100,8,12,19,26,30,2,12,2016/8/27,4,7,7,4,10
16099,3,4,12,14,27,1,5,2016/8/24,1,8,2,13,4
16098,8,9,11,20,29,4,5,2016/8/22,1,2,9,9,1
16097,6,8,18,31,33,10,12,2016/8/20,2,10,13,2,2
16096,1,6,8,12,21,5,10,2016/8/17,5,2,4,9,5
16095,8,12,18,19,21,3,6,2016/8/15,4,6,1,2,3
16094,1,14,16,17,18,5,7,2016/8/13,13,2,1,1,2
16093,1,8,14,30,35,6,7,2016/8/10,7,6,16,5,1
16092,2,13,31,33,34,7,11,2016/8/8,11,18,2,1,4
16091,8,13,17,21,22,2,8,2016/8/6,5,4,4,1,6
16090,4,6,8,28,32,7,12,2016/8/3,2,2,20,4,5
16089,7,14,17,28,34,7,10,2016/8/1,7,3,11,6,3
16088,4,6,17,21,30,6,11,2016/7/30,2,11,4,9,5
16087,3,16,17,23,25,7,9,2016/7/27,13,1,6,2,2
16086,3,5,22,25,30,7,9,2016/7/25,2,17,3,5,2
16085,14,15,27,31,32,1,7,2016/7/23,1,12,4,1,6
16084,8,12,15,26,35,1,8,2016/7/20,4,3,11,9,7
16083,1,5,9,33,35,1,5,2016/7/18,4,4,24,2,4
16082,3,8,23,28,29,2,7,2016/7/16,5,15,5,1,5
16081,6,7,18,21,33,3,8,2016/7/13,1,11,3,12,5
16080,15,20,29,30,33,7,12,2016/7/11,5,9,1,3,5
16079,7,14,15,20,27,5,10,2016/7/9,7,1,5,7,5
16078,7,18,29,31,35,5,11,2016/7/6,11,11,2,4,6
16077,9,11,14,16,35,2,5,2016/7/4,2,3,2,19,3
16076,3,8,10,17,31,5,6,2016/7/2,5,2,7,14,1
16075,3,7,17,22,31,8,12,2016/6/29,4,10,5,9,4
16074,1,5,7,11,14,3,8,2016/6/27,4,2,4,3,5
16073,7,14,17,24,27,8,10,2016/6/25,7,3,7,3,2
16072,16,20,24,26,31,4,9,2016/6/22,4,4,2,5,5
16071,8,15,19,20,33,7,12,2016/6/20,7,4,1,13,5
16070,2,9,13,19,23,5,7,2016/6/18,7,4,6,4,2
16069,14,17,19,23,30,2,9,2016/6/15,3,2,4,7,7
16068,5,7,22,26,34,7,12,2016/6/13,2,15,4,8,5
16067,2,8,11,13,19,2,8,2016/6/11,6,3,2,6,6
16066,10,28,29,31,33,5,11,2016/6/8,18,1,2,2,6
16065,1,9,18,22,24,11,12,2016/6/6,8,9,4,2,1
16064,1,2,10,18,35,5,11,2016/6/4,1,8,8,17,6
16063,8,12,22,27,35,5,9,2016/6/1,4,10,5,8,4
16062,2,10,14,15,35,1,9,2016/5/30,8,4,1,20,8
16061,9,15,17,21,23,7,12,2016/5/28,6,2,4,2,5
16060,2,6,22,27,34,8,11,2016/5/25,4,16,5,7,3
16059,2,10,27,28,33,5,7,2016/5/23,8,17,1,5,2
16058,2,15,17,23,28,5,9,2016/5/21,13,2,6,5,4
16057,8,17,19,23,30,3,8,2016/5/18,9,2,4,7,5
16056,10,12,14,31,35,4,5,2016/5/16,2,2,17,4,1
16055,6,21,27,30,34,4,9,2016/5/14,15,6,3,4,5
16054,2,5,9,21,30,6,7,2016/5/11,3,4,12,9,1
16053,4,13,15,30,35,3,5,2016/5/9,9,2,15,5,2
16052,8,14,19,20,33,10,11,2016/5/7,6,5,1,13,1
16051,16,21,23,24,32,7,8,2016/5/4,5,2,1,8,1
16050,7,17,21,29,35,4,5,2016/5/2,10,4,8,6,1
16049,3,4,5,27,33,4,9,2016/4/30,1,1,22,6,5
16048,4,12,17,25,27,4,10,2016/4/27,8,5,8,2,6
16047,2,3,23,29,32,5,9,2016/4/25,1,20,6,3,4
16046,3,19,22,32,34,8,12,2016/4/23,16,3,10,2,4
16045,7,11,25,30,33,2,8,2016/4/20,4,14,5,3,6
16044,1,6,10,20,31,5,11,2016/4/18,5,4,10,11,6
16043,1,9,16,33,34,9,12,2016/4/16,8,7,17,1,3
16042,2,6,8,19,24,1,6,2016/4/13,4,2,11,5,5
16041,12,23,24,27,34,3,6,2016/4/11,11,1,3,7,3
16040,20,22,29,30,35,1,6,2016/4/9,2,7,1,5,5
16039,1,8,16,22,28,4,5,2016/4/6,7,8,6,6,1
16038,3,7,9,15,33,5,12,2016/4/4,4,2,6,18,7
16037,3,5,13,24,34,3,5,2016/4/2,2,8,11,10,2
16036,7,15,26,30,31,3,6,2016/3/30,8,11,4,1,3
16035,17,22,24,25,29,9,12,2016/3/28,5,2,1,4,3
16034,14,18,31,32,35,9,10,2016/3/26,4,13,1,3,1
16033,3,14,15,31,35,9,10,2016/3/23,11,1,16,4,1
16032,5,9,14,20,33,5,12,2016/3/21,4,5,6,13,7
16031,3,14,24,27,29,4,11,2016/3/19,11,10,3,2,7
16030,10,19,21,29,33,4,6,2016/3/16,9,2,8,4,2
16029,20,26,27,29,32,5,12,2016/3/14,6,1,2,3,7
16028,13,18,20,23,31,3,6,2016/3/12,5,2,3,8,3
16027,6,11,13,15,28,2,6,2016/3/9,5,2,2,13,4
16026,2,6,29,30,34,1,7,2016/3/7,4,23,1,4,6
16025,3,6,13,23,24,7,10,2016/3/5,3,7,10,1,3
16024,1,2,11,15,18,4,8,2016/3/2,1,9,4,3,4
16023,4,9,14,25,27,6,11,2016/2/29,5,5,11,2,5
16022,4,18,21,30,35,2,11,2016/2/27,14,3,9,5,9
16021,1,4,9,10,35,9,11,2016/2/24,3,5,1,25,2
16020,1,16,22,29,30,2,9,2016/2/22,15,6,7,1,7
16019,4,11,15,20,26,8,9,2016/2/20,7,4,5,6,1
16018,5,10,13,27,33,8,11,2016/2/17,5,3,14,6,3
16017,11,18,24,28,29,5,10,2016/2/15,7,6,4,1,5
16016,3,10,22,29,32,2,5,2016/2/6,7,12,7,3,3
16015,1,4,10,13,30,3,9,2016/2/3,3,6,3,17,6
16014,6,8,21,24,27,2,10,2016/2/1,2,13,3,3,8
16013,3,21,23,31,35,2,11,2016/1/30,18,2,8,4,9
16012,5,7,11,23,28,3,12,2016/1/27,2,4,12,5,9
16011,2,8,10,15,23,5,10,2016/1/25,6,2,5,8,5
16010,12,13,15,16,28,2,5,2016/1/23,1,2,1,12,3
16009,5,8,10,17,20,2,12,2016/1/20,3,2,7,3,10
16008,5,12,31,34,35,4,5,2016/1/18,7,19,3,1,1
16007,2,5,14,32,35,1,3,2016/1/16,3,9,18,3,2
16006,14,16,17,22,24,2,9,2016/1/13,2,1,5,2,7
16005,6,9,12,15,20,8,11,2016/1/11,3,3,3,5,3
16004,10,20,23,32,35,9,10,2016/1/9,10,3,9,3,1
16003,4,12,17,22,26,6,7,2016/1/6,8,5,5,4,1
16002,7,12,18,25,35,7,9,2016/1/4,5,6,7,10,2
16001,1,7,19,20,30,5,10,2016/1/2,6,12,1,10,5
15153,1,7,22,27,33,2,11,2015/12/30,6,15,5,6,9
15152,4,5,22,29,35,2,11,2015/12/28,1,17,7,6,9
15151,15,16,18,30,35,1,7,2015/12/26,1,2,12,5,6
15150,4,13,18,25,33,3,7,2015/12/23,9,5,7,8,4
15149,4,6,10,12,28,2,8,2015/12/21,2,4,2,16,6
15148,8,11,27,31,33,8,9,2015/12/19,3,16,4,2,1
15147,1,2,13,18,19,8,10,2015/12/16,1,11,5,1,2
15146,4,15,19,27,31,4,11,2015/12/14,11,4,8,4,7
15145,6,7,20,29,32,11,12,2015/12/12,1,13,9,3,1
15144,1,9,24,26,29,6,11,2015/12/9,8,15,2,3,5
15143,9,20,31,33,35,10,11,2015/12/7,11,11,2,2,1
15142,12,14,22,26,30,3,6,2015/12/5,2,8,4,4,3
15141,2,4,15,19,31,2,3,2015/12/2,2,11,4,12,1
15140,1,11,15,26,35,6,11,2015/11/30,10,4,11,9,5
15139,2,3,5,25,32,5,7,2015/11/28,1,2,20,7,2
15138,1,16,20,29,32,4,7,2015/11/25,15,4,9,3,3
15137,14,17,21,23,26,8,11,2015/11/23,3,4,2,3,3
15136,5,20,23,29,32,2,10,2015/11/21,15,3,6,3,8
15135,5,16,20,25,29,6,8,2015/11/18,11,4,5,4,2
15134,1,2,6,15,35,4,7,2015/11/16,1,4,9,20,3
15133,3,7,8,25,30,4,8,2015/11/14,4,1,17,5,4
15132,3,8,14,18,27,1,5,2015/11/11,5,6,4,9,4
15131,11,17,19,20,27,2,3,2015/11/9,6,2,1,7,1
15130,17,25,31,32,34,2,12,2015/11/7,8,6,1,2,10
15129,1,6,23,25,29,3,9,2015/11/4,5,17,2,4,6
15128,10,12,23,30,32,3,4,2015/11/2,2,11,7,2,1
15127,9,11,14,19,30,3,8,2015/10/31,2,3,5,11,5
15126,4,5,8,9,21,3,6,2015/10/28,1,3,1,12,3
15125,2,3,15,17,28,8,10,2015/10/26,1,12,2,11,2
15124,4,6,12,31,32,3,6,2015/10/24,2,6,19,1,3
15123,4,15,27,29,30,2,10,2015/10/21,11,12,2,1,8
15122,11,13,15,26,35,6,11,2015/10/19,2,2,11,9,5
15121,2,4,17,27,28,4,6,2015/10/17,2,13,10,1,2
15120,1,9,15,24,32,5,10,2015/10/14,8,6,9,8,5
15119,1,8,12,16,21,6,11,2015/10/12,7,4,4,5,5
15118,3,7,20,24,31,4,9,2015/10/10,4,13,4,7,5
15117,6,17,20,30,33,10,11,2015/10/7,11,3,10,3,1
15116,7,10,19,24,33,3,7,2015/10/5,3,9,5,9,4
15115,8,12,13,14,16,3,9,2015/10/3,4,1,1,2,6
15114,9,18,24,31,34,2,10,2015/9/30,9,6,7,3,8
15113,1,14,21,29,33,2,10,2015/9/28,13,7,8,4,8
15112,4,5,15,19,28,4,11,2015/9/26,1,10,4,9,7
15111,7,8,16,24,28,3,10,2015/9/23,1,8,8,4,7
15110,2,7,10,22,30,7,11,2015/9/21,5,3,12,8,4
15109,1,6,11,22,31,3,12,2015/9/19,5,5,11,9,9
15108,1,13,16,26,31,7,12,2015/9/16,12,3,10,5,5
15107,3,23,25,28,29,6,7,2015/9/14,20,2,3,1,1
15106,2,11,13,22,30,2,3,2015/9/12,9,2,9,8,1
15105,8,9,15,21,27,5,9,2015/9/9,1,6,6,6,4
15104,16,19,25,30,34,4,9,2015/9/7,3,6,5,4,5
15103,7,9,15,25,34,4,10,2015/9/5,2,6,10,9,6
15102,11,14,15,33,34,3,12,2015/9/2,3,1,18,1,9
15101,6,12,17,18,32,7,12,2015/8/31,6,5,1,14,5
15100,9,15,18,23,32,5,7,2015/8/29,6,3,5,9,2
15099,9,12,14,22,25,5,10,2015/8/26,3,2,8,3,5
15098,9,14,21,27,33,6,9,2015/8/24,5,7,6,6,3
15097,4,16,17,26,27,1,4,2015/8/22,12,1,9,1,3
15096,3,9,12,18,21,2,6,2015/8/19,6,3,6,3,4
15095,8,14,26,34,35,5,10,2015/8/17,6,12,8,1,5
15094,2,3,10,11,29,3,7,2015/8/15,1,7,1,18,4
15093,16,17,25,26,27,2,4,2015/8/12,1,8,1,1,2
15092,2,14,21,27,34,5,8,2015/8/10,12,7,6,7,3
15091,2,7,28,29,30,3,7,2015/8/8,5,21,1,1,4
15090,6,9,11,17,21,6,8,2015/8/5,3,2,6,4,2
15089,5,12,18,20,27,10,12,2015/8/3,7,6,2,7,2
15088,5,15,28,31,34,11,12,2015/8/1,10,13,3,3,1
15087,2,5,15,17,22,1,11,2015/7/29,3,10,2,5,10
15086,5,9,11,15,32,4,9,2015/7/27,4,2,4,17,5
15085,2,3,4,6,16,3,12,2015/7/25,1,1,2,10,9
15084,10,20,21,32,34,6,7,2015/7/22,10,1,11,2,1
15083,14,16,19,25,29,10,12,2015/7/20,2,3,6,4,2
15082,8,15,28,31,33,3,6,2015/7/18,7,13,3,2,3
15081,3,4,10,13,17,5,9,2015/7/15,1,6,3,4,4
15080,14,20,29,30,32,3,8,2015/7/13,6,9,1,2,5
15079,1,9,17,23,24,4,5,2015/7/11,8,8,6,1,1
15078,19,24,26,28,33,1,2,2015/7/8,5,2,2,5,1
15077,1,16,17,22,28,2,9,2015/7/6,15,1,5,6,7
15076,3,19,21,31,34,5,12,2015/7/4,16,2,10,3,7
15075,13,14,26,27,33,10,12,2015/7/1,1,12,1,6,2
15074,1,12,21,27,33,4,9,2015/6/29,11,9,6,6,5
15073,9,26,27,30,34,1,6,2015/6/27,17,1,3,4,5
15072,19,20,21,31,33,9,10,2015/6/24,1,1,10,2,1
15071,4,6,13,16,34,4,10,2015/6/22,2,7,3,18,6
15070,3,9,12,17,18,4,12,2015/6/20,6,3,5,1,8
15069,2,9,11,22,25,1,7,2015/6/17,7,2,11,3,6
15068,2,3,20,31,35,4,8,2015/6/15,1,17,11,4,4
15067,4,10,18,24,27,4,11,2015/6/13,6,8,6,3,7
15066,1,3,7,13,29,2,10,2015/6/10,2,4,6,16,8
15065,4,5,7,13,35,8,11,2015/6/8,1,2,6,22,3
15064,2,8,20,28,31,7,10,2015/6/6,6,12,8,3,3
15063,1,4,6,34,35,2,4,2015/6/3,3,2,28,1,2
15062,6,7,13,14,15,1,4,2015/6/1,1,6,1,1,3
15061,6,7,8,16,22,2,10,2015/5/30,1,1,8,6,8
15060,16,24,25,26,33,4,11,2015/5/27,8,1,1,7,7
15059,7,9,19,23,32,1,3,2015/5/25,2,10,4,9,2
15058,10,14,20,27,30,7,12,2015/5/23,4,6,7,3,5
15057,1,5,7,14,26,4,6,2015/5/20,4,2,7,12,2
15056,6,12,19,26,35,3,10,2015/5/18,6,7,7,9,7
15055,6,11,14,20,30,5,10,2015/5/16,5,3,6,10,5
15054,2,9,15,24,34,3,9,2015/5/13,7,6,9,10,6
15053,8,25,28,29,32,4,7,2015/5/11,17,3,1,3,3
15052,13,19,24,27,29,7,8,2015/5/9,6,5,3,2,1
15051,1,2,11,16,21,1,5,2015/5/6,1,9,5,5,4
15050,6,7,10,20,28,2,7,2015/5/4,1,3,10,8,5
15049,8,9,11,15,22,8,10,2015/5/2,1,2,4,7,2
15048,10,11,22,24,33,2,9,2015/4/29,1,11,2,9,7
15047,1,2,17,23,31,5,12,2015/4/27,1,15,6,8,7
15046,5,7,10,22,26,4,10,2015/4/25,2,3,12,4,6
15045,8,9,22,29,30,8,12,2015/4/22,1,13,7,1,4
15044,16,18,27,31,33,1,3,2015/4/20,2,9,4,2,2
15043,2,20,22,25,29,2,7,2015/4/18,18,2,3,4,5
15042,3,7,12,17,24,2,11,2015/4/15,4,5,5,7,9
15041,1,11,21,23,28,1,10,2015/4/13,10,10,2,5,9
15040,2,9,10,23,35,9,12,2015/4/11,7,1,13,12,3
15039,3,6,7,16,25,1,6,2015/4/8,3,1,9,9,5
15038,12,19,22,31,35,7,8,2015/4/6,7,3,9,4,1
15037,10,16,21,28,31,7,8,2015/4/4,6,5,7,3,1
15036,14,18,20,23,24,4,8,2015/4/1,4,2,3,1,4
15035,22,24,29,30,35,1,10,2015/3/30,2,5,1,5,9
15034,4,8,15,18,26,5,9,2015/3/28,4,7,3,8,4
15033,3,17,22,26,28,3,7,2015/3/25,14,5,4,2,4
15032,6,21,25,27,30,7,11,2015/3/23,15,4,2,3,4
15031,7,21,29,32,33,4,12,2015/3/21,14,8,3,1,8
15030,9,18,19,26,31,2,5,2015/3/18,9,1,7,5,3
15029,7,10,19,30,35,3,5,2015/3/16,3,9,11,5,2
15028,3,9,28,32,33,9,10,2015/3/14,6,19,4,1,1
15027,5,21,22,25,28,3,10,2015/3/11,16,1,3,3,7
15026,11,13,14,15,22,2,8,2015/3/9,2,1,1,7,6
15025,7,10,20,22,27,10,11,2015/3/7,3,10,2,5,1
15024,2,6,8,16,34,3,4,2015/3/4,4,2,8,18,1
15023,6,9,11,12,22,3,11,2015/3/2,3,2,1,10,8
15022,9,11,14,15,26,11,12,2015/2/28,2,3,1,11,1
15021,22,23,24,26,31,5,6,2015/2/25,1,1,2,5,1
15020,11,26,28,29,32,1,4,2015/2/16,15,2,1,3,3
15019,2,8,16,22,24,1,3,2015/2/14,6,8,6,2,2
15018,4,7,10,23,31,3,7,2015/2/11,3,3,13,8,4
15017,7,13,16,17,29,1,7,2015/2/9,6,3,1,12,6
15016,6,7,16,20,34,9,11,2015/2/7,1,9,4,14,2
15015,1,5,13,17,32,4,11,2015/2/4,4,8,4,15,7
15014,8,16,25,29,35,3,10,2015/2/2,8,9,4,6,7
15013,11,15,25,28,35,7,10,2015/1/31,4,10,3,7,3
15012,3,4,6,11,31,5,9,2015/1/28,1,2,5,20,4
15011,4,13,22,25,30,1,6,2015/1/26,9,9,3,5,5
15010,2,6,17,30,35,2,7,2015/1/24,4,11,13,5,5
15009,17,22,26,27,33,6,10,2015/1/21,5,4,1,6,4
15008,7,10,11,15,17,3,10,2015/1/19,3,1,4,2,7
15007,2,7,8,14,31,4,8,2015/1/17,5,1,6,17,4
15006,6,8,30,32,33,3,7,2015/1/14,2,22,2,1,4
15005,11,14,15,18,19,7,8,2015/1/12,3,1,3,1,1
15004,3,12,14,18,28,5,6,2015/1/10,9,2,4,10,1
15003,12,19,27,28,34,1,12,2015/1/7,7,8,1,6,11
15002,3,14,20,26,32,6,10,2015/1/5,11,6,6,6,4
15001,8,9,19,27,30,6,7,2015/1/3,1,10,8,3,1
14154,5,12,17,23,28,2,9,2014/12/31,7,5,6,5,7
14153,1,8,13,24,32,5,10,2014/12/29,7,5,11,8,5
14152,5,12,18,24,33,1,5,2014/12/27,7,6,6,9,4
14151,3,8,26,31,32,8,12,2014/12/24,5,18,5,1,4
14150,19,21,30,33,35,5,7,2014/12/22,2,9,3,2,2
14149,2,13,19,26,35,1,5,2014/12/20,11,6,7,9,4
14148,3,9,10,11,20,7,9,2014/12/17,6,1,1,9,2
14147,5,9,14,26,34,2,9,2014/12/15,4,5,12,8,7
14146,2,16,23,24,28,10,11,2014/12/13,14,7,1,4,1
14145,15,19,22,24,26,10,11,2014/12/10,4,3,2,2,1
14144,1,21,24,25,35,4,11,2014/12/8,20,3,1,10,7
14143,1,11,14,18,25,6,10,2014/12/6,10,3,4,7,4
14142,18,21,25,28,30,4,6,2014/12/3,3,4,3,2,2
14141,4,17,20,26,29,5,8,2014/12/1,13,3,6,3,3
14140,1,19,20,25,34,7,12,2014/11/29,18,1,5,9,5
14139,3,5,7,15,34,1,10,2014/11/26,2,2,8,19,9
14138,1,7,29,32,34,9,12,2014/11/24,6,22,3,2,3
14137,2,11,16,22,34,2,5,2014/11/22,9,5,6,12,3
14136,4,18,20,34,35,7,11,2014/11/19,14,2,14,1,4
14135,20,26,28,30,35,9,12,2014/11/17,6,2,2,5,3
14134,2,5,7,11,32,9,12,2014/11/15,3,2,4,21,3
14133,2,8,12,14,18,4,12,2014/11/12,6,4,2,4,8
14132,1,3,4,19,32,1,7,2014/11/10,2,1,15,13,6
14131,3,16,19,23,27,3,7,2014/11/8,13,3,4,4,4
14130,2,18,31,32,33,5,7,2014/11/5,16,13,1,1,2
14129,7,22,28,30,32,5,6,2014/11/3,15,6,2,2,1
14128,2,4,16,22,34,8,11,2014/11/1,2,12,6,12,3
14127,2,4,6,15,19,2,11,2014/10/29,2,2,9,4,9
14126,2,9,22,30,34,9,10,2014/10/27,7,13,8,4,1
14125,12,15,19,23,31,4,10,2014/10/25,3,4,4,8,6
14124,1,3,28,29,35,8,12,2014/10/22,2,25,1,6,4
14123,1,9,12,22,25,2,9,2014/10/20,8,3,10,3,7
14122,3,10,25,26,35,1,7,2014/10/18,7,15,1,9,6
14121,13,16,18,22,32,8,10,2014/10/15,3,2,4,10,2
14120,1,4,6,18,33,5,11,2014/10/13,3,2,12,15,6
14119,4,8,9,13,18,8,12,2014/10/11,4,1,4,5,4
14118,2,3,23,24,26,5,11,2014/10/8,1,20,1,2,6
14117,3,14,17,18,33,6,9,2014/10/6,11,3,1,15,3
14116,6,13,15,24,27,4,5,2014/10/4,7,2,9,3,1
14115,1,5,26,29,30,2,10,2014/10/1,4,21,3,1,8
14114,3,16,24,30,33,5,8,2014/9/29,13,8,6,3,3
14113,2,13,17,19,23,1,6,2014/9/27,11,4,2,4,5
14112,3,5,14,18,32,2,10,2014/9/24,2,9,4,14,8
14111,11,16,18,20,29,3,4,2014/9/22,5,2,2,9,1
14110,9,18,19,22,24,8,11,2014/9/20,9,1,3,2,3
14109,15,18,20,21,23,1,2,2014/9/17,3,2,1,2,1
14108,1,2,13,23,35,9,12,2014/9/15,1,11,10,12,3
14107,5,13,14,21,34,8,10,2014/9/13,8,1,7,13,2
14106,5,9,11,20,22,5,11,2014/9/10,4,2,9,2,6
14105,4,10,26,29,32,4,8,2014/9/8,6,16,3,3,4
14104,7,13,14,28,32,4,11,2014/9/6,6,1,14,4,7
14103,14,20,23,25,26,10,12,2014/9/3,6,3,2,1,2
14102,1,7,14,19,20,3,12,2014/9/1,6,7,5,1,9
14101,9,10,12,17,28,3,11,2014/8/30,1,2,5,11,8
14100,2,4,8,12,35,1,7,2014/8/27,2,4,4,23,6
14099,15,21,22,23,33,1,7,2014/8/25,6,1,1,10,6
14098,16,18,22,25,35,3,10,2014/8/23,2,4,3,10,7
14097,3,15,20,21,23,7,9,2014/8/20,12,5,1,2,2
14096,3,7,21,23,31,5,10,2014/8/18,4,14,2,8,5
14095,6,22,30,31,34,5,6,2014/8/16,16,8,1,3,1
14094,13,14,24,25,34,4,7,2014/8/13,1,10,1,9,3
14093,3,8,30,32,34,9,11,2014/8/11,5,22,2,2,2
14092,2,18,27,30,32,5,11,2014/8/9,16,9,3,2,6
14091,10,16,18,29,32,2,7,2014/8/6,6,2,11,3,5
14090,2,3,20,23,28,6,8,2014/8/4,1,17,3,5,2
14089,2,8,12,29,30,7,12,2014/8/2,6,4,17,1,5
14088,7,13,20,25,26,8,11,2014/7/30,6,7,5,1,3
14087,4,7,31,33,35,9,10,2014/7/28,3,24,2,2,1
14086,6,8,27,29,35,3,9,2014/7/26,2,19,2,6,6
14085,6,12,13,25,29,11,12,2014/7/23,6,1,12,4,1
14084,2,7,9,11,28,5,9,2014/7/21,5,2,2,17,4
14083,18,20,24,33,35,5,10,2014/7/19,2,4,9,2,5
14082,1,8,18,23,25,8,12,2014/7/16,7,10,5,2,4
14081,3,5,8,10,25,9,12,2014/7/14,2,3,2,15,3
14080,17,20,23,25,27,3,10,2014/7/12,3,3,2,2,7
14079,9,10,20,31,32,6,10,2014/7/9,1,10,11,1,4
14078,10,15,16,22,28,4,5,2014/7/7,5,1,6,6,1
14077,9,16,26,31,32,1,5,2014/7/5,7,10,5,1,4
14076,5,10,19,31,32,9,10,2014/7/2,5,9,12,1,1
14075,5,7,29,32,35,4,10,2014/6/30,2,22,3,3,6
14074,6,11,22,27,30,5,11,2014/6/28,5,11,5,3,6
14073,4,5,7,13,35,5,6,2014/6/25,1,2,6,22,1
14072,17,19,22,24,30,2,9,2014/6/23,2,3,2,6,7
14071,4,14,15,22,23,1,7,2014/6/21,10,1,7,1,6
14070,1,2,7,10,32,4,12,2014/6/18,1,5,3,22,8
14069,16,22,27,29,31,2,9,2014/6/16,6,5,2,2,7
14068,5,15,24,29,35,5,6,2014/6/14,10,9,5,6,1
14067,3,18,23,24,31,3,7,2014/6/11,15,5,1,7,4
14066,8,14,16,20,31,3,11,2014/6/9,6,2,4,11,8
14065,7,12,19,31,33,7,12,2014/6/7,5,7,12,2,5
14064,8,15,33,34,35,1,8,2014/6/4,7,18,1,1,7
14063,11,17,21,23,34,3,4,2014/6/2,6,4,2,11,1
14062,4,7,17,24,25,2,4,2014/5/31,3,10,7,1,2
14061,4,11,17,20,29,6,10,2014/5/28,7,6,3,9,4
14060,12,22,29,30,34,5,11,2014/5/26,10,7,1,4,6
14059,7,15,17,25,29,4,11,2014/5/24,8,2,8,4,7
14058,9,15,22,24,26,2,7,2014/5/21,6,7,2,2,5
14057,8,10,20,27,33,1,9,2014/5/19,2,10,7,6,8
14056,12,18,28,29,35,7,8,2014/5/17,6,10,1,6,1
14055,4,23,26,27,35,10,11,2014/5/14,19,3,1,8,1
14054,2,3,20,25,34,1,12,2014/5/12,1,17,5,9,11
14053,2,11,17,27,30,3,4,2014/5/10,9,6,10,3,1
14052,14,19,21,24,30,2,7,2014/5/7,5,2,3,6,5
14051,1,7,11,29,30,3,11,2014/5/5,6,4,18,1,8
14050,10,18,27,28,35,1,6,2014/5/3,8,9,1,7,5
14049,3,15,17,22,31,3,5,2014/4/30,12,2,5,9,2
14048,1,2,5,15,35,1,11,2014/4/28,1,3,10,20,10
14047,6,17,18,30,34,6,12,2014/4/26,11,1,12,4,6
14046,3,15,18,21,26,1,6,2014/4/23,12,3,3,5,5
14045,6,10,12,16,30,2,11,2014/4/21,4,2,4,14,9
14044,22,23,25,27,35,3,11,2014/4/19,1,2,2,8,8
14043,1,11,23,29,30,1,12,2014/4/16,10,12,6,1,11
14042,16,21,25,27,35,6,11,2014/4/14,5,4,2,8,5
14041,5,7,11,15,18,5,12,2014/4/12,2,4,4,3,7
14040,12,15,21,30,33,2,8,2014/4/9,3,6,9,3,6
14039,2,5,11,15,20,8,11,2014/4/7,3,6,4,5,3
14038,7,8,12,20,32,3,5,2014/4/5,1,4,8,12,2
14037,3,4,8,19,34,2,4,2014/4/2,1,4,11,15,2
14036,1,2,12,17,29,3,8,2014/3/31,1,10,5,12,5
14035,9,12,14,28,29,3,10,2014/3/29,3,2,14,1,7
14034,3,11,14,27,32,5,7,2014/3/26,8,3,13,5,2
14033,1,7,8,28,29,4,8,2014/3/24,6,1,20,1,4
14032,2,5,6,9,31,2,9,2014/3/22,3,1,3,22,7
14031,6,15,27,32,33,3,4,2014/3/19,9,12,5,1,1
14030,3,14,18,29,35,11,12,2014/3/17,11,4,11,6,1
14029,3,21,22,23,35,5,9,2014/3/15,18,1,1,12,4
14028,3,10,20,25,30,10,12,2014/3/12,7,10,5,5,2
14027,9,10,24,28,29,10,12,2014/3/10,1,14,4,1,2
14026,5,10,12,15,26,4,8,2014/3/8,5,2,3,11,4
14025,19,20,27,32,34,6,8,2014/3/5,1,7,5,2,2
14024,7,11,15,31,32,6,11,2014/3/3,4,4,16,1,5
14023,4,13,15,29,33,5,9,2014/3/1,9,2,14,4,4
14022,3,6,10,16,25,10,11,2014/2/26,3,4,6,9,1
14021,6,10,17,23,24,3,9,2014/2/24,4,7,6,1,6
14020,1,14,17,30,35,6,7,2014/2/22,13,3,13,5,1
14019,7,12,22,29,32,11,12,2014/2/19,5,10,7,3,1
14018,8,9,12,28,34,2,12,2014/2/17,1,3,16,6,10
14017,5,10,11,23,34,1,10,2014/2/15,5,1,12,11,9
14016,4,6,13,24,34,4,9,2014/2/12,2,7,11,10,5
14015,4,6,18,20,30,5,7,2014/2/10,2,12,2,10,2
14014,1,9,11,27,29,3,11,2014/2/8,8,2,16,2,8
14013,10,11,13,22,28,4,12,2014/1/29,1,2,9,6,8
14012,9,20,21,23,29,5,7,2014/1/27,11,1,2,6,2
14011,4,6,14,24,35,7,12,2014/1/25,2,8,10,11,5
14010,5,10,20,26,27,1,3,2014/1/22,5,10,6,1,2
14009,10,18,25,29,33,7,8,2014/1/20,8,7,4,4,1
14008,11,13,20,28,35,1,5,2014/1/18,2,7,8,7,4
14007,8,11,14,21,32,3,11,2014/1/15,3,3,7,11,8
14006,1,4,7,16,35,6,8,2014/1/13,3,3,9,19,2
14005,15,17,18,29,33,4,8,2014/1/11,2,1,11,4,4
14004,7,10,19,27,28,9,12,2014/1/8,3,9,8,1,3
14003,7,11,13,21,33,5,6,2014/1/6,4,2,8,12,1
14002,1,12,21,24,29,1,7,2014/1/4,11,9,3,5,6
14001,5,13,20,23,29,8,11,2014/1/1,8,7,3,6,3
13153,4,5,16,17,30,3,9,2013/12/30,1,11,1,13,6
13152,9,12,14,18,19,3,9,2013/12/28,3,2,4,1,6
13151,2,13,21,27,30,3,4,2013/12/25,11,8,6,3,1
13150,6,7,14,18,22,8,11,2013/12/23,1,7,4,4,3
13149,6,7,8,9,13,5,7,2013/12/21,1,1,1,4,2
13148,2,5,9,29,32,3,7,2013/12/18,3,4,20,3,4
13147,3,9,22,24,25,5,9,2013/12/16,6,13,2,1,4
13146,6,7,15,25,31,1,9,2013/12/14,1,8,10,6,8
13145,2,13,15,18,20,2,11,2013/12/11,11,2,3,2,9
13144,3,20,21,23,35,2,8,2013/12/9,17,1,2,12,6
13143,3,8,14,21,31,6,8,2013/12/7,5,6,7,10,2
13142,6,11,25,28,29,4,12,2013/12/4,5,14,3,1,8
13141,5,15,18,25,31,8,10,2013/12/2,10,3,7,6,2
13140,1,12,17,26,28,1,6,2013/11/30,11,5,9,2,5
13139,5,6,18,20,31,6,7,2013/11/27,1,12,2,11,1
13138,3,8,13,17,24,7,9,2013/11/25,5,5,4,7,2
13137,4,12,32,33,34,6,8,2013/11/23,8,20,1,1,2
13136,5,11,15,25,28,5,11,2013/11/20,6,4,10,3,6
13135,4,13,19,25,26,7,12,2013/11/18,9,6,6,1,5
13134,2,13,19,23,32,2,9,2013/11/16,11,6,4,9,7
13133,2,8,10,16,17,9,12,2013/11/13,6,2,6,1,3
13132,23,26,28,31,34,2,10,2013/11/11,3,2,3,3,8
13131,12,15,29,30,31,4,12,2013/11/9,3,14,1,1,8
13130,8,9,15,19,30,6,9,2013/11/6,1,6,4,11,3
13129,11,23,29,30,33,1,4,2013/11/4,12,6,1,3,3
13128,11,13,27,33,35,1,2,2013/11/2,2,14,6,2,1
13127,3,14,16,19,32,5,10,2013/10/30,11,2,3,13,5
13126,9,10,15,18,30,3,6,2013/10/28,1,5,3,12,3
13125,4,8,14,23,28,4,8,2013/10/26,4,6,9,5,4
13124,5,7,18,21,32,10,11,2013/10/23,2,11,3,11,1
13123,2,9,10,33,34,5,12,2013/10/21,7,1,23,1,7
13122,15,17,20,24,35,4,12,2013/10/19,2,3,4,11,8
13121,3,18,19,20,24,3,12,2013/10/16,15,1,1,4,9
13120,6,14,15,22,26,3,11,2013/10/14,8,1,7,4,8
13119,1,2,16,23,35,1,11,2013/10/12,1,14,7,12,10
13118,4,6,11,20,31,1,5,2013/10/9,2,5,9,11,4
13117,5,16,23,25,33,7,12,2013/10/7,11,7,2,8,5
13116,13,22,23,30,33,9,11,2013/10/5,9,1,7,3,2
13115,5,16,29,32,34,4,11,2013/10/2,11,13,3,2,7
13114,6,17,21,23,33,1,9,2013/9/30,11,4,2,10,8
13113,19,21,23,28,30,8,12,2013/9/28,2,2,5,2,4
13112,2,10,20,22,29,5,12,2013/9/25,8,10,2,7,7
13111,7,12,13,20,27,1,3,2013/9/23,5,1,7,7,2
13110,7,16,18,32,33,2,7,2013/9/21,9,2,14,1,5
13109,13,20,26,29,32,2,6,2013/9/18,7,6,3,3,4
13108,5,10,13,15,18,2,11,2013/9/16,5,3,2,3,9
13107,7,13,14,18,25,5,12,2013/9/14,6,1,4,7,7
13106,6,7,12,13,27,3,12,2013/9/11,1,5,1,14,9
13105,7,13,27,30,34,1,12,2013/9/9,6,14,3,4,11
13104,2,5,11,27,29,1,11,2013/9/7,3,6,16,2,10
13103,5,8,13,16,31,3,9,2013/9/4,3,5,3,15,6
13102,6,12,15,19,26,2,11,2013/9/2,6,3,4,7,9
13101,4,9,13,15,32,2,9,2013/8/31,5,4,2,17,7
13100,9,12,24,26,30,5,9,2013/8/28,3,12,2,4,4
13099,4,11,28,30,33,5,12,2013/8/26,7,17,2,3,7
13098,2,6,16,29,34,10,11,2013/8/24,4,10,13,5,1
13097,7,8,13,17,32,3,8,2013/8/21,1,5,4,15,5
13096,17,19,20,22,26,6,8,2013/8/19,2,1,2,4,2
13095,3,17,28,30,33,1,10,2013/8/17,14,11,2,3,9
13094,3,28,33,34,35,6,9,2013/8/14,25,5,1,1,3
13093,1,5,17,18,26,5,7,2013/8/12,4,12,1,8,2
13092,7,10,21,27,33,3,9,2013/8/10,3,11,6,6,6
13091,4,9,28,34,35,2,8,2013/8/7,5,19,6,1,6
13090,2,26,30,31,33,11,12,2013/8/5,24,4,1,2,1
13089,6,7,23,24,29,4,11,2013/8/3,1,16,1,5,7
13088,3,5,8,33,35,1,3,2013/7/31,2,3,25,2,2
13087,9,12,22,32,34,2,4,2013/7/29,3,10,10,2,2
13086,9,16,26,29,31,6,9,2013/7/27,7,10,3,2,3
13085,8,19,23,27,32,3,5,2013/7/24,11,4,4,5,2
13084,8,22,26,29,35,1,5,2013/7/22,14,4,3,6,4
13083,26,29,30,32,35,4,10,2013/7/20,3,1,2,3,6
13082,3,9,25,26,33,3,12,2013/7/17,6,16,1,7,9
13081,7,9,15,17,23,2,7,2013/7/15,2,6,2,6,5
13080,6,21,23,27,31,4,6,2013/7/13,15,2,4,4,2
13079,9,10,17,21,34,1,7,2013/7/10,1,7,4,13,6
13078,2,7,23,31,33,2,8,2013/7/8,5,16,8,2,6
13077,24,26,30,32,35,6,12,2013/7/6,2,4,2,3,6
13076,13,15,16,26,27,9,10,2013/7/3,2,1,10,1,1
13075,1,11,13,19,35,7,8,2013/7/1,10,2,6,16,1
13074,6,14,20,24,32,1,7,2013/6/29,8,6,4,8,6
13073,3,5,23,27,31,2,6,2013/6/26,2,18,4,4,4
13072,12,27,28,33,35,3,5,2013/6/24,15,1,5,2,2
13071,13,19,26,27,28,3,11,2013/6/22,6,7,1,1,8
13070,9,12,18,21,29,1,8,2013/6/19,3,6,3,8,7
13069,6,12,13,16,30,7,12,2013/6/17,6,1,3,14,5
13068,10,17,27,34,35,5,7,2013/6/15,7,10,7,1,2
13067,2,3,5,8,29,10,12,2013/6/12,1,2,3,21,2
13066,6,7,13,33,34,2,11,2013/6/10,1,6,20,1,9
13065,9,28,31,34,35,2,9,2013/6/8,19,3,3,1,7
13064,21,24,26,28,32,1,3,2013/6/5,3,2,2,4,2
13063,3,5,11,27,28,5,6,2013/6/3,2,6,16,1,1
13062,1,5,8,9,12,9,12,2013/6/1,4,3,1,3,3
13061,1,14,18,21,32,5,10,2013/5/29,13,4,3,11,5
13060,15,25,26,32,35,5,10,2013/5/27,10,1,6,3,5
13059,3,8,11,24,27,7,12,2013/5/25,5,3,13,3,5
13058,20,21,27,31,35,7,11,2013/5/22,1,6,4,4,4
13057,7,15,27,33,35,7,10,2013/5/20,8,12,6,2,3
13056,11,22,30,32,35,3,4,2013/5/18,11,8,2,3,1
13055,4,5,22,23,24,3,9,2013/5/15,1,17,1,1,6
13054,5,8,21,30,32,1,8,2013/5/13,3,13,9,2,7
13053,13,31,33,34,35,5,7,2013/5/11,18,2,1,1,2
13052,1,2,10,29,31,1,10,2013/5/8,1,8,19,2,9
13051,5,8,15,18,33,7,8,2013/5/6,3,7,3,15,1
13050,14,22,30,32,33,7,8,2013/5/4,8,8,2,1,1
13049,18,22,25,31,32,4,6,2013/5/1,4,3,6,1,2
13048,10,11,23,32,33,1,4,2013/4/29,1,12,9,1,3
13047,12,20,28,30,35,3,11,2013/4/27,8,8,2,5,8
13046,15,16,19,25,32,5,11,2013/4/24,1,3,6,7,6
13045,8,11,12,21,25,2,7,2013/4/22,3,1,9,4,5
13044,7,11,13,18,28,5,10,2013/4/20,4,2,5,10,5
13043,7,13,25,34,35,7,9,2013/4/17,6,12,9,1,2
13042,2,6,22,23,33,1,6,2013/4/15,4,16,1,10,5
13041,3,13,14,15,34,5,8,2013/4/13,10,1,1,19,3
13040,16,17,22,26,35,3,10,2013/4/10,1,5,4,9,7
13039,6,23,30,33,35,7,10,2013/4/8,17,7,3,2,3
13038,1,19,24,25,26,7,9,2013/4/6,18,5,1,1,2
13037,2,26,31,32,34,6,8,2013/4/3,24,5,1,2,2
13036,8,12,32,33,35,3,5,2013/4/1,4,20,1,2,2
13035,5,14,28,32,34,7,8,2013/3/30,9,14,4,2,1
13034,1,3,11,19,29,4,8,2013/3/27,2,8,8,10,4
13033,12,18,22,28,31,1,11,2013/3/25,6,4,6,3,10
13032,12,27,28,33,35,1,8,2013/3/23,15,1,5,2,7
13031,12,17,18,26,32,10,11,2013/3/20,5,1,8,6,1
13030,3,5,9,10,28,5,7,2013/3/18,2,4,1,18,2
13029,5,7,17,25,26,4,10,2013/3/16,2,10,8,1,6
13028,13,19,28,30,34,8,12,2013/3/13,6,9,2,4,4
13027,3,12,14,24,35,3,8,2013/3/11,9,2,10,11,5
13026,2,10,16,30,33,5,6,2013/3/9,8,6,14,3,1
13025,3,23,25,26,28,10,12,2013/3/6,20,2,1,2,2
13024,9,12,14,18,24,1,4,2013/3/4,3,2,4,6,3
13023,5,19,24,26,35,5,7,2013/3/2,14,5,2,9,2
13022,3,4,13,17,23,3,8,2013/2/27,1,9,4,6,5
13021,23,24,28,30,33,1,11,2013/2/25,1,4,2,3,10
13020,6,11,20,31,32,5,9,2013/2/23,5,9,11,1,4
13019,6,12,17,29,30,7,11,2013/2/20,6,5,12,1,4
13018,20,23,31,33,34,3,9,2013/2/18,3,8,2,1,6
13017,11,14,22,29,34,5,11,2013/2/16,3,8,7,5,6
13016,5,15,19,27,32,8,9,2013/2/6,10,4,8,5,1
13015,14,15,26,32,33,1,11,2013/2/4,1,11,6,1,10
13014,5,8,25,29,31,2,4,2013/2/2,3,17,4,2,2
13013,13,15,29,30,35,1,11,2013/1/30,2,14,1,5,10
13012,1,14,31,32,34,2,11,2013/1/28,13,17,1,2,9
13011,1,2,8,15,23,6,9,2013/1/26,1,6,7,8,3
13010,9,15,17,18,29,9,11,2013/1/23,6,2,1,11,2
13009,10,17,19,27,29,5,12,2013/1/21,7,2,8,2,7
13008,2,7,25,29,34,3,6,2013/1/19,5,18,4,5,3
13007,14,29,32,33,34,3,6,2013/1/16,15,3,1,1,3
13006,8,20,25,31,32,5,7,2013/1/14,12,5,6,1,2
13005,18,22,26,28,31,10,12,2013/1/12,4,4,2,3,2
13004,7,8,12,20,25,3,7,2013/1/9,1,4,8,5,4
13003,1,16,18,21,31,9,12,2013/1/7,15,2,3,10,3
13002,4,20,27,31,32,6,12,2013/1/5,16,7,4,1,6
13001,6,9,11,31,32,5,11,2013/1/2,3,2,20,1,6
12154,3,26,27,31,32,3,9,2012/12/31,23,1,4,1,6
12153,8,9,10,13,22,5,10,2012/12/29,1,1,3,9,5
12152,4,17,26,33,34,2,8,2012/12/26,13,9,7,1,6
12151,3,19,20,24,33,3,4,2012/12/24,16,1,4,9,1
12150,2,14,18,24,31,2,3,2012/12/22,12,4,6,7,1
12149,2,10,23,33,34,5,10,2012/12/19,8,13,10,1,5
12148,4,16,27,29,34,6,11,2012/12/17,12,11,2,5,5
12147,2,3,17,19,33,2,9,2012/12/15,1,14,2,14,7
12146,1,10,13,17,26,6,8,2012/12/12,9,3,4,9,2
12145,5,22,31,33,35,6,9,2012/12/10,17,9,2,2,3
12144,11,13,14,21,29,1,10,2012/12/8,2,1,7,8,9
12143,9,27,29,30,31,3,6,2012/12/5,18,2,1,1,3
12142,15,19,29,34,35,7,10,2012/12/3,4,10,5,1,3
12141,3,11,19,23,34,2,12,2012/12/1,8,8,4,11,10
12140,7,17,27,28,29,9,10,2012/11/28,10,10,1,1,1
12139,9,10,12,22,25,4,11,2012/11/26,1,2,10,3,7
12138,13,17,27,31,33,6,12,2012/11/24,4,10,4,2,6
12137,3,12,20,21,27,1,6,2012/11/21,9,8,1,6,5
12136,2,23,29,30,31,1,4,2012/11/19,21,6,1,1,3
12135,3,5,17,18,33,6,7,2012/11/17,2,12,1,15,1
12134,1,6,18,32,35,2,7,2012/11/14,5,12,14,3,5
12133,5,7,13,29,30,1,5,2012/11/12,2,6,16,1,4
12132,5,8,21,25,33,1,11,2012/11/10,3,13,4,8,10
12131,2,16,18,27,30,8,12,2012/11/7,14,2,9,3,4
12130,14,19,23,29,30,6,7,2012/11/5,5,4,6,1,1
12129,1,7,21,28,31,3,9,2012/11/3,6,14,7,3,6
12128,9,10,19,30,31,4,11,2012/10/31,1,9,11,1,7
12127,12,13,14,25,35,10,12,2012/10/29,1,1,11,10,2
12126,13,14,21,28,29,5,10,2012/10/27,1,7,7,1,5
12125,6,14,17,22,35,1,2,2012/10/24,8,3,5,13,1
12124,7,11,19,20,35,5,10,2012/10/22,4,8,1,15,5
12123,5,8,18,30,33,1,9,2012/10/20,3,10,12,3,8
12122,23,24,25,29,31,3,12,2012/10/17,1,1,4,2,9
12121,7,18,20,29,30,5,6,2012/10/15,11,2,9,1,1
12120,2,10,21,23,29,3,4,2012/10/13,8,11,2,6,1
12119,5,6,9,19,32,6,9,2012/10/10,1,3,10,13,3
12118,5,17,25,30,33,1,12,2012/10/8,12,8,5,3,11
12117,1,12,18,21,33,7,8,2012/10/6,11,6,3,12,1
12116,1,11,18,20,22,7,10,2012/10/3,10,7,2,2,3
12115,1,6,13,19,23,6,9,2012/10/1,5,7,6,4,3
12114,3,6,21,33,35,1,7,2012/9/29,3,15,12,2,6
12113,3,10,22,27,29,3,12,2012/9/26,7,12,5,2,9
12112,1,2,28,31,35,5,7,2012/9/24,1,26,3,4,2
12111,1,24,25,30,33,4,11,2012/9/22,23,1,5,3,7
12110,1,11,17,19,26,5,12,2012/9/19,10,6,2,7,7
12109,1,22,30,32,35,9,11,2012/9/17,21,8,2,3,2
12108,6,7,12,24,35,2,6,2012/9/15,1,5,12,11,4
12107,4,7,9,22,33,1,3,2012/9/12,3,2,13,11,2
12106,15,23,25,29,31,9,10,2012/9/10,8,2,4,2,1
12105,5,6,14,15,31,6,8,2012/9/8,1,8,1,16,2
12104,16,18,24,25,27,4,9,2012/9/5,2,6,1,2,5
12103,2,9,18,23,24,1,4,2012/9/3,7,9,5,1,3
12102,2,4,6,13,35,4,8,2012/9/1,2,2,7,22,4
12101,2,5,8,9,31,3,7,2012/8/29,3,3,1,22,4
12100,7,9,13,19,27,1,3,2012/8/27,2,4,6,8,2
12099,12,18,24,25,32,2,12,2012/8/25,6,6,1,7,10
12098,2,11,28,29,30,6,12,2012/8/22,9,17,1,1,6
12097,9,17,24,29,32,1,2,2012/8/20,8,7,5,3,1
12096,5,10,19,24,35,8,9,2012/8/18,5,9,5,11,1
12095,6,9,22,27,30,8,12,2012/8/15,3,13,5,3,4
12094,2,14,23,32,35,1,10,2012/8/13,12,9,9,3,9
12093,2,16,21,31,33,4,11,2012/8/11,14,5,10,2,7
12092,8,9,23,25,31,2,12,2012/8/8,1,14,2,6,10
12091,3,10,28,31,33,1,9,2012/8/6,7,18,3,2,8
12090,2,21,27,29,33,2,10,2012/8/4,19,6,2,4,8
12089,6,12,21,29,32,6,11,2012/8/1,6,9,8,3,5
12088,13,17,24,30,35,2,10,2012/7/30,4,7,6,5,8
12087,1,6,7,21,31,4,11,2012/7/28,5,1,14,10,7
12086,3,20,25,29,32,5,10,2012/7/25,17,5,4,3,5
12085,7,18,29,31,33,10,12,2012/7/23,11,11,2,2,2
12084,21,24,27,29,31,1,2,2012/7/21,3,3,2,2,1
12083,16,19,28,29,31,5,8,2012/7/18,3,9,1,2,3
12082,2,4,9,10,15,8,10,2012/7/16,2,5,1,5,2
12081,10,16,17,30,35,1,8,2012/7/14,6,1,13,5,7
12080,11,12,14,25,28,2,5,2012/7/11,1,2,11,3,3
12079,1,5,25,32,33,1,10,2012/7/9,4,20,7,1,9
12078,1,2,23,25,35,5,12,2012/7/7,1,21,2,10,7
12077,10,30,32,33,34,2,3,2012/7/4,20,2,1,1,1
12076,2,14,16,22,24,2,5,2012/7/2,12,2,6,2,3
12075,7,9,10,18,22,5,10,2012/6/30,2,1,8,4,5
12074,10,22,23,30,32,1,7,2012/6/27,12,1,7,2,6
12073,18,23,29,33,34,2,7,2012/6/25,5,6,4,1,5
12072,4,8,17,22,25,4,10,2012/6/23,4,9,5,3,6
12071,13,23,29,31,34,6,8,2012/6/20,10,6,2,3,2
12070,9,22,23,32,34,6,8,2012/6/18,13,1,9,2,2
12069,2,4,22,25,34,2,11,2012/6/16,2,18,3,9,9
12068,1,21,31,32,35,3,6,2012/6/13,20,10,1,3,3
12067,20,22,27,30,33,1,2,2012/6/11,2,5,3,3,1
12066,1,20,25,29,33,4,6,2012/6/9,19,5,4,4,2
12065,10,22,28,29,34,5,11,2012/6/6,12,6,1,5,6
12064,9,12,13,15,30,9,10,2012/6/4,3,1,2,15,1
12063,11,25,26,29,35,1,2,2012/6/2,14,1,3,6,1
12062,21,32,33,34,35,8,9,2012/5/30,11,1,1,1,1
12061,5,10,14,27,33,7,9,2012/5/28,5,4,13,6,2
12060,2,16,21,24,30,6,10,2012/5/26,14,5,3,6,4
12059,9,13,19,21,27,3,4,2012/5/23,4,6,2,6,1
12058,13,21,29,31,35,4,12,2012/5/21,8,8,2,4,8
12057,1,2,14,33,34,3,5,2012/5/19,1,12,19,1,2
12056,11,21,23,26,34,7,9,2012/5/16,10,2,3,8,2
12055,7,22,26,32,33,1,8,2012/5/14,15,4,6,1,7
12054,1,16,18,27,30,10,11,2012/5/12,15,2,9,3,1
12053,11,12,26,28,31,7,12,2012/5/9,1,14,2,3,5
12052,10,20,26,31,33,10,12,2012/5/7,10,6,5,2,2
12051,1,2,17,18,33,5,12,2012/5/5,1,15,1,15,7
12050,13,17,22,28,29,1,10,2012/5/2,4,5,6,1,9
12049,9,18,22,27,31,10,12,2012/4/30,9,4,5,4,2
12048,6,9,26,30,35,5,6,2012/4/28,3,17,4,5,1
12047,5,7,17,30,34,3,10,2012/4/25,2,10,13,4,7
12046,4,8,19,23,27,4,11,2012/4/23,4,11,4,4,7
12045,5,11,17,20,28,11,12,2012/4/21,6,6,3,8,1
12044,3,4,14,32,35,1,2,2012/4/18,1,10,18,3,1
12043,1,6,25,31,34,3,9,2012/4/16,5,19,6,3,6
12042,7,24,27,28,35,7,12,2012/4/14,17,3,1,7,5
12041,1,2,13,22,23,2,10,2012/4/11,1,11,9,1,8
12040,2,13,23,28,29,1,5,2012/4/9,11,10,5,1,4
12039,15,21,22,24,35,1,5,2012/4/7,6,1,2,11,4
12038,11,23,25,31,35,1,3,2012/4/4,12,2,6,4,2
12037,9,13,27,31,35,3,10,2012/4/2,4,14,4,4,7
12036,1,9,20,30,31,8,12,2012/3/31,8,11,10,1,4
12035,1,4,30,32,35,8,12,2012/3/28,3,26,2,3,4
12034,1,8,15,16,29,8,9,2012/3/26,7,7,1,13,1
12033,8,13,19,27,32,1,8,2012/3/24,5,6,8,5,7
12032,7,8,16,26,34,7,11,2012/3/21,1,8,10,8,4
12031,19,21,23,25,30,3,8,2012/3/19,2,2,2,5,5
12030,3,21,22,26,32,1,3,2012/3/17,18,1,4,6,2
12029,4,7,8,18,29,7,10,2012/3/14,3,1,10,11,3
12028,10,12,15,33,34,3,10,2012/3/12,2,3,18,1,7
12027,3,10,11,22,31,5,7,2012/3/10,7,1,11,9,2
12026,10,11,22,23,29,2,9,2012/3/7,1,11,1,6,7
12025,1,2,5,12,27,4,7,2012/3/5,1,3,7,15,3
12024,3,11,17,21,30,3,7,2012/3/3,8,6,4,9,4
12023,7,9,17,29,35,9,10,2012/2/29,2,8,12,6,1
12022,7,12,20,33,35,1,10,2012/2/27,5,8,13,2,9
12021,10,15,21,31,34,7,8,2012/2/25,5,6,10,3,1
12020,12,14,27,29,34,3,6,2012/2/22,2,13,2,5,3
12019,7,9,17,30,34,1,12,2012/2/20,2,8,13,4,11
12018,3,10,14,29,31,4,8,2012/2/18,7,4,15,2,4
12017,6,11,22,29,34,3,12,2012/2/15,5,11,7,5,9
12016,5,14,20,29,31,8,12,2012/2/13,9,6,9,2,4
12015,12,13,24,26,33,6,8,2012/2/11,1,11,2,7,2
12014,10,14,24,30,32,1,12,2012/2/8,4,10,6,2,11
12013,7,8,11,12,24,1,2,2012/2/6,1,3,1,12,1
12012,6,18,22,30,35,2,7,2012/2/4,12,4,8,5,5
12011,5,19,22,29,30,2,4,2012/2/1,14,3,7,1,2
12010,25,26,29,32,34,5,7,2012/1/30,1,3,3,2,2
12009,6,14,20,29,35,9,10,2012/1/21,8,6,9,6,1
12008,6,8,30,31,32,1,11,2012/1/18,2,22,1,1,10
12007,4,5,13,17,25,7,10,2012/1/16,1,8,4,8,3
12006,3,20,22,25,27,1,9,2012/1/14,17,2,3,2,8
12005,1,2,29,31,33,7,12,2012/1/11,1,27,2,2,5
12004,10,11,22,31,32,6,7,2012/1/9,1,11,9,1,1
12003,16,22,24,33,34,3,10,2012/1/7,6,2,9,1,7
12002,3,11,14,26,29,7,8,2012/1/4,8,3,12,3,1
12001,7,27,28,32,33,1,12,2012/1/2,20,1,4,1,11
11154,4,12,16,20,28,8,11,2011/12/31,8,4,4,8,3
11153,6,22,29,30,35,3,5,2011/12/28,16,7,1,5,2
11152,1,4,6,21,35,2,11,2011/12/26,3,2,15,14,9
11151,7,11,14,20,27,3,10,2011/12/24,4,3,6,7,7
11150,13,22,30,33,34,6,12,2011/12/21,9,8,3,1,6
11149,2,7,12,29,31,3,5,2011/12/19,5,5,17,2,2
11148,7,10,11,26,31,3,4,2011/12/17,3,1,15,5,1
11147,1,15,16,27,28,2,7,2011/12/14,14,1,11,1,5
11146,9,13,19,29,34,2,11,2011/12/12,4,6,10,5,9
11145,7,15,19,24,29,4,6,2011/12/10,8,4,5,5,2
11144,7,18,24,28,33,2,3,2011/12/7,11,6,4,5,1
11143,8,9,12,25,33,7,10,2011/12/5,1,3,13,8,3
11142,4,26,30,33,34,4,6,2011/12/3,22,4,3,1,2
11141,2,11,19,22,35,10,12,2011/11/30,9,8,3,13,2
11140,1,12,32,33,34,9,11,2011/11/28,11,20,1,1,2
11139,4,6,10,15,16,3,4,2011/11/26,2,4,5,1,1
11138,17,23,26,30,32,6,12,2011/11/23,6,3,4,2,6
11137,2,15,18,23,31,1,2,2011/11/21,13,3,5,8,1
11136,8,9,11,19,33,3,12,2011/11/19,1,2,8,14,9
11135,6,22,29,33,35,3,12,2011/11/16,16,7,4,2,9
11134,1,10,12,14,17,9,10,2011/11/14,9,2,2,3,1
11133,4,11,23,26,35,3,12,2011/11/12,7,12,3,9,9
11132,12,14,16,19,33,2,9,2011/11/9,2,2,3,14,7
11131,3,5,12,18,33,7,11,2011/11/7,2,7,6,15,4
11130,8,9,13,23,35,11,12,2011/11/5,1,4,10,12,1
11129,1,7,13,18,23,4,8,2011/11/2,6,6,5,5,4
11128,3,4,6,11,13,1,2,2011/10/31,1,2,5,2,1
11127,1,11,22,26,29,5,8,2011/10/29,10,11,4,3,3
11126,7,17,29,30,33,10,12,2011/10/26,10,12,1,3,2
11125,7,10,27,34,35,10,12,2011/10/24,3,17,7,1,2
11124,8,12,14,20,25,6,8,2011/10/22,4,2,6,5,2
11123,10,14,18,19,35,1,6,2011/10/19,4,4,1,16,5
11122,3,8,23,24,34,5,12,2011/10/17,5,15,1,10,7
11121,2,3,30,31,33,3,9,2011/10/15,1,27,1,2,6
11120,20,25,26,30,31,9,10,2011/10/12,5,1,4,1,1
11119,4,15,20,26,31,6,12,2011/10/10,11,5,6,5,6
11118,4,7,11,32,35,5,7,2011/10/8,3,4,21,3,2
11117,10,12,28,32,33,3,5,2011/10/5,2,16,4,1,2
11116,10,15,18,19,26,7,12,2011/10/3,5,3,1,7,5
11115,17,26,30,31,35,6,11,2011/10/1,9,4,1,4,5
11114,6,8,17,27,35,2,11,2011/9/28,2,9,10,8,9
11113,4,5,7,10,12,4,5,2011/9/26,1,2,3,2,1
11112,6,17,28,32,33,8,12,2011/9/24,11,11,4,1,4
11111,2,11,13,23,31,11,12,2011/9/21,9,2,10,8,1
11110,30,31,33,34,35,4,7,2011/9/19,1,2,1,1,3
11109,1,11,12,22,34,8,10,2011/9/17,10,1,10,12,2
11108,7,15,18,24,28,1,7,2011/9/14,8,3,6,4,6
11107,2,6,18,30,32,1,8,2011/9/12,4,12,12,2,7
11106,1,9,29,30,35,5,9,2011/9/10,8,20,1,5,4
11105,2,11,26,32,33,5,12,2011/9/7,9,15,6,1,7
11104,7,19,27,28,34,2,5,2011/9/5,12,8,1,6,3
11103,3,4,26,29,34,1,3,2011/9/3,1,22,3,5,2
11102,19,24,28,31,34,4,12,2011/8/31,5,4,3,3,8
11101,5,12,20,28,30,3,7,2011/8/29,7,8,8,2,4
11100,8,11,13,28,33,8,9,2011/8/27,3,2,15,5,1
11099,2,6,9,12,20,5,8,2011/8/24,4,3,3,8,3
11098,6,7,28,33,35,1,10,2011/8/22,1,21,5,2,9
11097,4,19,28,31,33,11,12,2011/8/20,15,9,3,2,1
11096,3,8,20,24,25,1,2,2011/8/17,5,12,4,1,1
11095,9,12,17,19,29,6,11,2011/8/15,3,5,2,10,5
11094,11,21,22,32,34,4,8,2011/8/13,10,1,10,2,4
11093,4,6,8,19,31,10,11,2011/8/10,2,2,11,12,1
11092,10,17,19,32,33,1,12,2011/8/8,7,2,13,1,11
11091,11,17,23,29,30,6,8,2011/8/6,6,6,6,1,2
11090,2,4,29,30,34,5,8,2011/8/3,2,25,1,4,3
11089,5,6,23,27,34,3,4,2011/8/1,1,17,4,7,1
11088,20,21,27,29,35,3,8,2011/7/30,1,6,2,6,5
11087,6,13,20,25,34,7,9,2011/7/27,7,7,5,9,2
11086,4,5,6,9,15,1,6,2011/7/25,1,1,3,6,5
11085,2,17,19,21,22,3,10,2011/7/23,15,2,2,1,7
11084,14,29,31,34,35,1,12,2011/7/20,15,2,3,1,11
11083,6,8,18,20,24,4,8,2011/7/18,2,10,2,4,4
11082,7,20,25,30,32,5,9,2011/7/16,13,5,5,2,4
11081,4,13,20,21,35,2,9,2011/7/13,9,7,1,14,7
11080,5,12,30,31,32,1,3,2011/7/11,7,18,1,1,2
11079,1,3,23,30,31,2,10,2011/7/9,2,20,7,1,8
11078,4,9,16,27,30,2,6,2011/7/6,5,7,11,3,4
11077,5,8,19,33,34,1,12,2011/7/4,3,11,14,1,11
11076,18,23,25,29,30,1,2,2011/7/2,5,2,4,1,1
11075,6,9,20,23,28,6,10,2011/6/29,3,11,3,5,4
11074,7,16,23,28,31,3,6,2011/6/27,9,7,5,3,3
11073,13,19,20,22,33,5,11,2011/6/25,6,1,2,11,6
11072,3,11,13,20,35,3,8,2011/6/22,8,2,7,15,5
11071,27,31,33,34,35,4,6,2011/6/20,4,2,1,1,2
11070,9,19,22,29,30,2,8,2011/6/18,10,3,7,1,6
11069,3,5,28,29,33,4,12,2011/6/15,2,23,1,4,8
11068,1,13,16,18,32,7,9,2011/6/13,12,3,2,14,2
11067,10,17,22,24,32,3,10,2011/6/11,7,5,2,8,7
11066,6,13,18,20,33,9,10,2011/6/8,7,5,2,13,1
11065,3,11,14,25,34,1,4,2011/6/6,8,3,11,9,3
11064,1,6,27,30,34,1,6,2011/6/4,5,21,3,4,5
11063,10,17,18,26,32,1,5,2011/6/1,7,1,8,6,4
11062,6,10,17,20,21,3,7,2011/5/30,4,7,3,1,4
11061,6,7,16,18,20,4,10,2011/5/28,1,9,2,2,6
11060,3,25,29,32,34,9,10,2011/5/25,22,4,3,2,1
11059,9,16,21,29,34,7,10,2011/5/23,7,5,8,5,3
11058,1,9,27,32,33,3,6,2011/5/21,8,18,5,1,3
11057,7,11,30,31,34,9,12,2011/5/18,4,19,1,3,3
11056,3,5,29,30,31,8,10,2011/5/16,2,24,1,1,2
11055,1,7,31,32,35,2,10,2011/5/14,6,24,1,3,8
11054,5,9,16,26,35,3,10,2011/5/11,4,7,10,9,7
11053,3,16,28,31,32,1,9,2011/5/9,13,12,3,1,8
11052,13,24,31,32,33,3,9,2011/5/7,11,7,1,1,6
11051,6,8,12,17,18,5,10,2011/5/4,2,4,5,1,5
11050,4,7,29,32,33,8,10,2011/5/2,3,22,3,1,2
11049,5,6,10,22,25,1,9,2011/4/30,1,4,12,3,8
11048,13,17,25,27,28,2,3,2011/4/27,4,8,2,1,1
11047,2,15,22,33,35,5,8,2011/4/25,13,7,11,2,3
11046,9,15,16,19,29,4,6,2011/4/23,6,1,3,10,2
11045,13,21,22,29,31,7,11,2011/4/20,8,1,7,2,4
11044,11,21,24,26,31,6,7,2011/4/18,10,3,2,5,1
11043,2,8,23,33,35,5,10,2011/4/16,6,15,10,2,5
11042,6,9,18,30,32,10,12,2011/4/13,3,9,12,2,2
11041,4,5,11,13,25,3,6,2011/4/11,1,6,2,12,3
11040,3,7,15,18,20,1,6,2011/4/9,4,8,3,2,5
11039,1,11,14,22,34,6,8,2011/4/6,10,3,8,12,2
11038,7,9,11,13,33,10,12,2011/4/4,2,2,2,20,2
11037,1,12,14,22,24,10,12,2011/4/2,11,2,8,2,2
11036,3,18,29,30,33,8,9,2011/3/30,15,11,1,3,1
11035,3,4,13,15,32,4,9,2011/3/28,1,9,2,17,5
11034,3,6,9,17,27,3,9,2011/3/26,3,3,8,10,6
11033,3,19,24,29,33,3,9,2011/3/23,16,5,5,4,6
11032,7,16,23,31,33,3,10,2011/3/21,9,7,8,2,7
11031,12,17,19,22,35,4,11,2011/3/19,5,2,3,13,7
11030,15,19,25,30,33,3,8,2011/3/16,4,6,5,3,5
11029,3,9,17,24,28,6,12,2011/3/14,6,8,7,4,6
11028,1,2,13,17,28,1,4,2011/3/12,1,11,4,11,3
11027,5,14,25,34,35,2,5,2011/3/9,9,11,9,1,3
11026,1,9,15,20,29,7,9,2011/3/7,8,6,5,9,2
11025,8,9,25,28,29,2,10,2011/3/5,1,16,3,1,8
11024,12,15,16,20,33,8,12,2011/3/2,3,1,4,13,4
11023,5,13,16,18,24,2,12,2011/2/28,8,3,2,6,10
11022,9,14,24,25,34,1,4,2011/2/26,5,10,1,9,3
11021,1,9,13,17,30,2,8,2011/2/23,8,4,4,13,6
11020,9,12,19,22,28,1,5,2011/2/21,3,7,3,6,4
11019,8,21,23,27,33,6,11,2011/2/19,13,2,4,6,5
11018,16,22,24,32,34,2,10,2011/2/16,6,2,8,2,8
11017,16,19,24,26,31,2,4,2011/2/14,3,5,2,5,2
11016,15,20,30,33,35,6,9,2011/2/12,5,10,3,2,3
11015,8,18,19,22,23,1,3,2011/2/9,10,1,3,1,2
11014,2,14,20,21,24,2,9,2011/1/31,12,6,1,3,7
11013,5,8,14,28,30,4,6,2011/1/29,3,6,14,2,2
11012,3,12,19,25,30,8,11,2011/1/26,9,7,6,5,3
11011,2,17,23,24,30,2,9,2011/1/24,15,6,1,6,7
11010,4,8,10,14,27,5,7,2011/1/22,4,2,4,13,2
11009,9,10,11,14,24,3,8,2011/1/19,1,1,3,10,5
11008,1,23,26,27,30,5,6,2011/1/17,22,3,1,3,1
11007,14,24,32,33,35,2,9,2011/1/15,10,8,1,2,7
11006,2,8,16,26,35,11,12,2011/1/12,6,8,10,9,1
11005,1,7,25,27,30,7,12,2011/1/10,6,18,2,3,5
11004,7,8,10,23,25,7,9,2011/1/8,1,2,13,2,2
11003,1,24,27,30,31,1,6,2011/1/5,23,3,3,1,5
11002,11,13,27,28,29,2,6,2011/1/3,2,14,1,1,4
11001,7,8,15,32,34,5,12,2011/1/1,1,7,17,2,7
10153,6,7,16,24,35,4,6,2010/12/29,1,9,8,11,2
10152,2,5,18,22,23,7,12,2010/12/27,3,13,4,1,5
10151,1,10,32,33,35,3,8,2010/12/25,9,22,1,2,5
10150,5,24,28,29,35,1,9,2010/12/22,19,4,1,6,8
10149,5,22,24,25,30,1,6,2010/12/20,17,2,1,5,5
10148,3,4,8,10,35,2,6,2010/12/18,1,4,2,25,4
10147,1,15,19,21,23,11,12,2010/12/15,14,4,2,2,1
10146,14,17,30,31,34,4,10,2010/12/13,3,13,1,3,6
10145,18,19,27,28,33,3,6,2010/12/11,1,8,1,5,3
10144,2,11,16,22,31,10,11,2010/12/8,9,5,6,9,1
10143,10,16,18,22,27,6,8,2010/12/6,6,2,4,5,2
10142,10,11,19,21,27,4,6,2010/12/4,1,8,2,6,2
10141,5,11,17,23,33,3,10,2010/12/1,6,6,6,10,7
10140,6,18,20,30,31,3,6,2010/11/29,12,2,10,1,3
10139,3,13,16,19,29,7,9,2010/11/27,10,3,3,10,2
10138,8,12,14,19,27,5,6,2010/11/24,4,2,5,8,1
10137,22,27,28,33,35,9,11,2010/11/22,5,1,5,2,2
10136,3,13,18,30,33,7,8,2010/11/20,10,5,12,3,1
10135,14,17,19,26,32,3,4,2010/11/17,3,2,7,6,1
10134,9,12,13,19,30,4,5,2010/11/15,3,1,6,11,1
10133,11,16,17,21,22,3,6,2010/11/13,5,1,4,1,3
10132,18,21,23,25,29,6,11,2010/11/10,3,2,2,4,5
10131,10,15,22,28,29,4,12,2010/11/8,5,7,6,1,8
10130,5,6,9,10,34,8,11,2010/11/6,1,3,1,24,3
10129,14,15,24,25,26,3,7,2010/11/3,1,9,1,1,4
10128,6,17,19,29,35,2,8,2010/11/1,11,2,10,6,6
10127,3,22,24,30,33,4,10,2010/10/30,19,2,6,3,6
10126,3,5,9,13,33,5,11,2010/10/27,2,4,4,20,6
10125,1,7,9,14,19,9,12,2010/10/25,6,2,5,5,3
10124,1,9,27,29,34,1,6,2010/10/23,8,18,2,5,5
10123,18,20,30,32,33,1,11,2010/10/20,2,10,2,1,10
10122,5,6,11,13,26,2,7,2010/10/18,1,5,2,13,5
10121,21,22,31,32,34,2,12,2010/10/16,1,9,1,2,10
10120,8,10,18,34,35,6,10,2010/10/13,2,8,16,1,4
10119,5,13,14,23,26,2,3,2010/10/11,8,1,9,3,1
10118,19,22,23,29,35,8,10,2010/10/9,3,1,6,6,2
10117,4,6,21,27,34,5,9,2010/10/6,2,15,6,7,4
10116,14,22,27,28,35,4,10,2010/10/4,8,5,1,7,6
10115,5,7,10,15,32,3,8,2010/10/2,2,3,5,17,5
10114,3,7,22,25,35,3,11,2010/9/29,4,15,3,10,8
10113,5,16,22,23,32,4,10,2010/9/27,11,6,1,9,6
10112,14,15,18,34,35,8,10,2010/9/25,1,3,16,1,2
10111,3,6,13,14,29,1,2,2010/9/22,3,7,1,15,1
10110,21,29,30,33,35,7,11,2010/9/20,8,1,3,2,4
10109,1,2,8,11,25,10,12,2010/9/18,1,6,3,14,2
10108,1,10,13,19,34,9,12,2010/9/15,9,3,6,15,3
10107,14,17,22,27,34,3,5,2010/9/13,3,5,5,7,2
10106,5,27,28,29,34,9,12,2010/9/11,22,1,1,5,3
10105,5,17,26,27,35,8,9,2010/9/8,12,9,1,8,1
10104,14,25,30,32,33,1,11,2010/9/6,11,5,2,1,10
10103,10,14,29,30,35,5,8,2010/9/4,4,15,1,5,3
10102,4,15,19,24,35,1,10,2010/9/1,11,4,5,11,9
10101,11,15,22,27,35,5,8,2010/8/30,4,7,5,8,3
10100,19,20,30,33,35,6,8,2010/8/28,1,10,3,2,2
10099,3,11,17,21,30,1,8,2010/8/25,8,6,4,9,7
10098,2,3,12,13,25,1,7,2010/8/23,1,9,1,12,6
10097,9,17,21,28,29,2,8,2010/8/21,8,4,7,1,6
10096,4,9,24,30,35,1,10,2010/8/18,5,15,6,5,9
10095,12,14,16,19,25,1,6,2010/8/16,2,2,3,6,5
10094,20,32,33,34,35,6,7,2010/8/14,12,1,1,1,1
10093,2,4,9,28,29,5,8,2010/8/11,2,5,19,1,3
10092,2,15,29,30,34,2,12,2010/8/9,13,14,1,4,10
10091,6,10,23,26,31,5,7,2010/8/7,4,13,3,5,2
10090,8,24,26,31,32,7,9,2010/8/4,16,2,5,1,2
10089,4,10,13,18,23,8,10,2010/8/2,6,3,5,5,2
10088,3,5,14,30,35,3,6,2010/7/31,2,9,16,5,3
10087,1,12,20,21,24,2,8,2010/7/28,11,8,1,3,6
10086,1,2,12,19,35,5,7,2010/7/26,1,10,7,16,2
10085,2,10,16,18,34,2,3,2010/7/24,8,6,2,16,1
10084,3,13,14,22,26,2,5,2010/7/21,10,1,8,4,3
10083,7,11,21,22,35,4,7,2010/7/19,4,10,1,13,3
10082,5,8,24,29,30,4,6,2010/7/17,3,16,5,1,2
10081,14,18,20,24,27,5,10,2010/7/14,4,2,4,3,5
10080,8,19,27,29,34,4,10,2010/7/12,11,8,2,5,6
10079,1,4,21,22,24,2,5,2010/7/10,3,17,1,2,3
10078,2,3,15,28,35,1,11,2010/7/7,1,12,13,7,10
10077,6,7,9,17,24,2,12,2010/7/5,1,2,8,7,10
10076,9,12,16,19,35,2,12,2010/7/3,3,4,3,16,10
10075,10,12,17,23,27,5,7,2010/6/30,2,5,6,4,2
10074,3,7,20,27,32,2,12,2010/6/28,4,13,7,5,10
10073,4,9,11,30,32,1,11,2010/6/26,5,2,19,2,10
10072,5,10,17,23,25,3,10,2010/6/23,5,7,6,2,7
10071,7,12,26,30,32,2,7,2010/6/21,5,14,4,2,5
10070,5,14,23,25,28,11,12,2010/6/19,9,9,2,3,1
10069,6,17,18,25,29,8,9,2010/6/16,11,1,7,4,1
10068,11,17,19,20,34,6,10,2010/6/14,6,2,1,14,4
10067,1,11,19,30,32,3,10,2010/6/12,10,8,11,2,7
10066,15,21,22,24,27,1,6,2010/6/9,6,1,2,3,5
10065,5,8,13,14,32,8,11,2010/6/7,3,5,1,18,3
10064,7,10,12,20,21,6,9,2010/6/5,3,2,8,1,3
10063,7,14,16,30,31,3,6,2010/6/2,7,2,14,1,3
10062,6,7,18,30,31,7,8,2010/5/31,1,11,12,1,1
10061,5,12,14,17,22,5,7,2010/5/29,7,2,3,5,2
10060,10,13,22,33,34,1,5,2010/5/26,3,9,11,1,4
10059,6,10,14,25,34,1,3,2010/5/24,4,4,11,9,2
10058,6,15,17,19,30,1,12,2010/5/22,9,2,2,11,11
10057,15,17,24,32,35,7,9,2010/5/19,2,7,8,3,2
10056,5,9,23,25,30,9,12,2010/5/17,4,14,2,5,3
10055,13,14,17,27,32,2,10,2010/5/15,1,3,10,5,8
10054,12,25,29,30,33,10,11,2010/5/12,13,4,1,3,1
10053,9,19,22,26,34,9,11,2010/5/10,10,3,4,8,2
10052,4,6,25,29,32,5,6,2010/5/8,2,19,4,3,1
10051,6,10,20,24,32,6,10,2010/5/5,4,10,4,8,4
10050,7,8,15,30,35,5,10,2010/5/3,1,7,15,5,5
10049,1,25,29,31,33,4,10,2010/5/1,24,4,2,2,6
10048,2,3,10,12,25,3,9,2010/4/28,1,7,2,13,6
10047,4,8,11,30,31,2,8,2010/4/26,4,3,19,1,6
10046,2,15,19,26,27,5,6,2010/4/24,13,4,7,1,1
10045,8,17,18,20,28,9,10,2010/4/21,9,1,2,8,1
10044,6,21,24,28,30,2,7,2010/4/19,15,3,4,2,5
10043,5,8,10,33,35,2,10,2010/4/17,3,2,23,2,8
10042,1,5,19,34,35,6,7,2010/4/14,4,14,15,1,1
10041,16,22,28,29,34,4,12,2010/4/12,6,6,1,5,8
10040,13,20,26,31,35,2,11,2010/4/10,7,6,5,4,9
10039,7,19,26,28,32,1,8,2010/4/7,12,7,2,4,7
10038,8,10,25,29,33,1,2,2010/4/5,2,15,4,4,1
10037,19,21,26,34,35,1,9,2010/4/3,2,5,8,1,8
10036,19,25,28,31,33,1,8,2010/3/31,6,3,3,2,7
10035,14,16,20,31,34,1,7,2010/3/29,2,4,11,3,6
10034,1,6,19,25,26,3,9,2010/3/27,5,13,6,1,6
10033,12,19,28,29,30,5,8,2010/3/24,7,9,1,1,3
10032,13,16,23,24,33,7,11,2010/3/22,3,7,1,9,4
10031,5,13,16,17,35,6,8,2010/3/20,8,3,1,18,2
10030,10,12,19,32,35,2,7,2010/3/17,2,7,13,3,5
10029,21,22,33,34,35,3,4,2010/3/15,1,11,1,1,1
10028,1,2,7,20,35,1,3,2010/3/13,1,5,13,15,2
10027,5,23,26,32,34,2,9,2010/3/10,18,3,6,2,7
10026,5,23,25,31,35,7,10,2010/3/8,18,2,6,4,3
10025,9,11,13,14,25,1,7,2010/3/6,2,2,1,11,6
10024,3,14,19,24,25,4,11,2010/3/3,11,5,5,1,7
10023,11,13,29,32,33,2,8,2010/3/1,2,16,3,1,6
10022,2,11,13,14,25,2,5,2010/2/27,9,2,1,11,3
10021,11,20,23,24,25,7,9,2010/2/24,9,3,1,1,2
10020,8,18,26,32,33,1,6,2010/2/22,10,8,6,1,5
10019,3,11,19,26,27,2,9,2010/2/20,8,8,7,1,7
10018,3,10,26,32,33,4,12,2010/2/10,7,16,6,1,8
10017,13,21,23,27,34,9,12,2010/2/8,8,2,4,7,3
10016,10,12,20,23,32,4,10,2010/2/6,2,8,3,9,6
10015,3,10,14,18,28,8,10,2010/2/3,7,4,4,10,2
10014,18,19,30,33,35,2,4,2010/2/1,1,11,3,2,2
10013,18,21,22,26,34,9,12,2010/1/30,3,1,4,8,3
10012,20,24,30,31,33,5,12,2010/1/27,4,6,1,2,7
10011,2,3,11,27,32,8,11,2010/1/25,1,8,16,5,3
10010,15,22,24,32,35,2,9,2010/1/23,7,2,8,3,7
10009,2,5,13,27,32,3,11,2010/1/20,3,8,14,5,8
10008,11,23,25,31,32,5,11,2010/1/18,12,2,6,1,6
10007,7,23,26,29,32,8,11,2010/1/16,16,3,3,3,3
10006,3,13,19,30,34,2,5,2010/1/13,10,6,11,4,3
10005,4,17,19,22,30,2,3,2010/1/11,13,2,3,8,1
10004,3,6,21,24,34,4,6,2010/1/9,3,15,3,10,2
10003,5,14,23,27,30,2,8,2010/1/6,9,9,4,3,6
10002,4,23,25,26,30,7,10,2010/1/4,19,2,1,4,3
10001,2,6,7,12,27,2,8,2010/1/2,4,1,5,15,6
9153,21,22,30,32,34,3,7,2009/12/30,1,8,2,2,4
9152,1,23,29,30,32,7,12,2009/12/28,22,6,1,2,5
9151,3,8,14,30,31,4,9,2009/12/26,5,6,16,1,5
9150,4,11,18,25,34,5,7,2009/12/23,7,7,7,9,2
9149,1,3,10,12,20,2,7,2009/12/21,2,7,2,8,5
9148,2,4,13,14,33,1,9,2009/12/19,2,9,1,19,8
9147,6,12,18,22,29,5,8,2009/12/16,6,6,4,7,3
9146,11,17,23,24,25,3,6,2009/12/14,6,6,1,1,3
9145,5,11,14,22,35,3,10,2009/12/12,6,3,8,13,7
9144,18,26,32,33,34,4,6,2009/12/9,8,6,1,1,2
9143,1,9,10,11,22,1,12,2009/12/7,8,1,1,11,11
9142,5,6,13,24,31,3,11,2009/12/5,1,7,11,7,8
9141,13,14,21,30,33,2,8,2009/12/2,1,7,9,3,6
9140,7,8,19,26,30,1,12,2009/11/30,1,11,7,4,11
9139,14,16,20,22,32,5,9,2009/11/28,2,4,2,10,4
9138,3,4,14,28,32,9,10,2009/11/25,1,10,14,4,1
9137,12,28,29,30,34,1,9,2009/11/23,16,1,1,4,8
9136,7,13,23,24,29,6,10,2009/11/21,6,10,1,5,4
9135,6,8,15,20,32,5,6,2009/11/18,2,7,5,12,1
9134,2,16,19,28,33,7,11,2009/11/16,14,3,9,5,4
9133,1,8,24,27,34,10,11,2009/11/14,7,16,3,7,1
9132,2,10,12,15,28,4,7,2009/11/11,8,2,3,13,3
9131,2,3,8,33,34,3,11,2009/11/9,1,5,25,1,8
9130,9,14,25,32,34,2,8,2009/11/7,5,11,7,2,6
9129,2,10,18,32,33,3,8,2009/11/4,8,8,14,1,5
9128,6,21,28,32,34,4,7,2009/11/2,15,7,4,2,3
9127,5,9,27,32,34,5,8,2009/10/31,4,18,5,2,3
9126,14,23,27,28,33,8,12,2009/10/28,9,4,1,5,4
9125,8,20,23,29,31,2,11,2009/10/26,12,3,6,2,9
9124,1,3,14,32,35,7,11,2009/10/24,2,11,18,3,4
9123,10,21,28,29,32,6,10,2009/10/21,11,7,1,3,4
9122,1,2,11,31,33,5,6,2009/10/19,1,9,20,2,1
9121,4,5,8,11,22,2,10,2009/10/17,1,3,3,11,8
9120,11,23,27,28,32,2,5,2009/10/14,12,4,1,4,3
9119,3,12,22,23,28,4,12,2009/10/12,9,10,1,5,8
9118,10,17,18,21,34,5,11,2009/10/10,7,1,3,13,6
9117,7,21,29,31,33,9,10,2009/10/7,14,8,2,2,1
9116,12,15,23,30,33,9,12,2009/10/5,3,8,7,3,3
9115,1,2,6,8,26,5,12,2009/10/3,1,4,2,18,7
9114,2,8,25,29,33,3,7,2009/9/30,6,17,4,4,4
9113,3,4,10,18,27,6,8,2009/9/28,1,6,8,9,2
9112,2,8,12,34,35,4,5,2009/9/26,6,4,22,1,1
9111,4,11,13,19,35,10,12,2009/9/23,7,2,6,16,2
9110,22,28,30,31,34,7,9,2009/9/21,6,2,1,3,2
9109,2,11,13,26,35,6,10,2009/9/19,9,2,13,9,4
9108,1,9,14,29,30,7,10,2009/9/16,8,5,15,1,3
9107,11,12,33,34,35,1,10,2009/9/14,1,21,1,1,9
9106,11,21,22,25,34,6,9,2009/9/12,10,1,3,9,3
9105,1,25,26,34,35,6,11,2009/9/9,24,1,8,1,5
9104,15,25,29,32,33,10,11,2009/9/7,10,4,3,1,1
9103,16,20,28,32,33,1,2,2009/9/5,4,8,4,1,1
9102,11,13,29,32,35,10,12,2009/9/2,2,16,3,3,2
9101,2,10,14,22,26,4,9,2009/8/31,8,4,8,4,5
9100,16,20,25,29,33,1,8,2009/8/29,4,5,4,4,7
9099,3,9,21,23,33,6,10,2009/8/26,6,12,2,10,4
9098,11,17,19,25,26,2,10,2009/8/24,6,2,6,1,8
9097,6,13,14,22,25,1,4,2009/8/22,7,1,8,3,3
9096,7,12,28,32,33,1,3,2009/8/19,5,16,4,1,2
9095,8,18,24,30,33,1,6,2009/8/17,10,6,6,3,5
9094,1,5,21,23,29,5,12,2009/8/15,4,16,2,6,7
9093,7,9,22,30,33,9,11,2009/8/12,2,13,8,3,2
9092,10,21,22,27,29,8,12,2009/8/10,11,1,5,2,4
9091,1,5,17,32,34,3,7,2009/8/8,4,12,15,2,4
9090,18,25,30,33,34,4,10,2009/8/5,7,5,3,1,6
9089,3,6,11,19,27,2,7,2009/8/3,3,5,8,8,5
9088,13,16,27,32,34,3,9,2009/8/1,3,11,5,2,6
9087,10,24,28,30,33,1,10,2009/7/29,14,4,2,3,9
9086,1,2,7,26,29,10,12,2009/7/27,1,5,19,3,2
9085,6,13,27,33,34,9,12,2009/7/25,7,14,6,1,3
9084,5,9,19,26,35,2,10,2009/7/22,4,10,7,9,8
9083,2,5,28,34,35,1,7,2009/7/20,3,23,6,1,6
9082,5,11,26,29,32,8,11,2009/7/18,6,15,3,3,3
9081,2,15,20,25,33,3,6,2009/7/15,13,5,5,8,3
9080,7,16,19,29,35,2,11,2009/7/13,9,3,10,6,9
9079,1,2,7,13,34,4,10,2009/7/11,1,5,6,21,6
9078,11,23,26,31,34,5,11,2009/7/8,12,3,5,3,6
9077,7,20,28,32,34,6,8,2009/7/6,13,8,4,2,2
9076,3,9,11,18,24,4,5,2009/7/4,6,2,7,6,1
9075,1,7,11,32,33,9,11,2009/7/1,6,4,21,1,2
9074,15,17,19,23,32,1,11,2009/6/29,2,2,4,9,10
9073,1,10,19,21,30,1,4,2009/6/27,9,9,2,9,3
9072,23,26,29,32,33,5,10,2009/6/24,3,3,3,1,5
9071,4,20,29,30,33,2,11,2009/6/22,16,9,1,3,9
9070,10,21,24,30,31,3,10,2009/6/20,11,3,6,1,7
9069,14,16,27,30,33,8,12,2009/6/17,2,11,3,3,4
9068,2,12,15,20,28,1,12,2009/6/15,10,3,5,8,11
9067,3,6,25,28,32,2,5,2009/6/13,3,19,3,4,3
9066,1,8,19,24,31,6,12,2009/6/10,7,11,5,7,6
9065,1,12,24,27,32,2,11,2009/6/8,11,12,3,5,9
9064,6,10,11,17,34,11,12,2009/6/6,4,1,6,17,1
9063,5,6,18,21,22,1,7,2009/6/3,1,12,3,1,6
9062,4,22,23,29,31,5,11,2009/6/1,18,1,6,2,6
9061,2,10,21,26,34,2,10,2009/5/30,8,11,5,8,8
9060,18,28,29,30,31,4,8,2009/5/27,10,1,1,1,4
9059,2,13,14,29,33,4,11,2009/5/25,11,1,15,4,7
9058,8,10,14,27,32,2,7,2009/5/23,2,4,13,5,5
9057,6,15,22,27,30,2,9,2009/5/20,9,7,5,3,7
9056,4,13,17,32,35,3,6,2009/5/18,9,4,15,3,3
9055,5,8,14,23,24,5,6,2009/5/16,3,6,9,1,1
9054,2,12,19,29,30,7,12,2009/5/13,10,7,10,1,5
9053,5,9,24,31,33,5,6,2009/5/11,4,15,7,2,1
9052,23,24,30,34,35,1,3,2009/5/9,1,6,4,1,2
9051,3,11,22,26,29,5,12,2009/5/6,8,11,4,3,7
9050,5,15,28,32,33,8,9,2009/5/4,10,13,4,1,1
9049,5,16,28,29,34,11,12,2009/5/2,11,12,1,5,1
9048,5,6,22,25,27,11,12,2009/4/29,1,16,3,2,1
9047,13,18,21,24,29,3,6,2009/4/27,5,3,3,5,3
9046,1,9,24,34,35,4,9,2009/4/25,8,15,10,1,5
9045,1,9,14,24,35,6,9,2009/4/22,8,5,10,11,3
9044,1,7,18,29,34,3,9,2009/4/20,6,11,11,5,6
9043,5,21,22,32,35,2,5,2009/4/18,16,1,10,3,3
9042,11,24,25,26,31,2,7,2009/4/15,13,1,1,5,5
9041,5,9,20,23,29,4,10,2009/4/13,4,11,3,6,6
9040,3,16,30,32,33,1,10,2009/4/11,13,14,2,1,9
9039,1,3,7,10,33,3,4,2009/4/8,2,4,3,23,1
9038,6,17,20,29,32,4,5,2009/4/6,11,3,9,3,1
9037,17,18,19,25,31,1,11,2009/4/4,1,1,6,6,10
9036,2,12,26,31,33,9,10,2009/4/1,10,14,5,2,1
9035,3,7,9,28,33,3,8,2009/3/30,4,2,19,5,5
9034,5,19,31,32,35,4,9,2009/3/28,14,12,1,3,5
9033,2,8,18,21,32,8,11,2009/3/25,6,10,3,11,3
9032,4,12,20,26,29,6,10,2009/3/23,8,8,6,3,4
9031,7,11,19,21,22,1,11,2009/3/21,4,8,2,1,10
9030,1,7,27,30,32,1,4,2009/3/18,6,20,3,2,3
9029,3,4,13,17,24,4,11,2009/3/16,1,9,4,7,7
9028,6,20,30,32,35,9,11,2009/3/14,14,10,2,3,2
9027,3,22,26,33,34,9,10,2009/3/11,19,4,7,1,1
9026,24,30,31,32,34,10,12,2009/3/9,6,1,1,2,2
9025,3,17,22,23,33,4,10,2009/3/7,14,5,1,10,6
9024,29,31,32,33,35,10,11,2009/3/4,2,1,1,2,1
9023,15,17,21,27,33,7,11,2009/3/2,2,4,6,6,4
9022,12,14,17,34,35,4,11,2009/2/28,2,3,17,1,7
9021,1,15,31,32,34,3,8,2009/2/25,14,16,1,2,5
9020,5,16,18,32,35,2,11,2009/2/23,11,2,14,3,9
9019,4,29,31,32,35,4,10,2009/2/21,25,2,1,3,6
9018,1,6,13,28,29,3,9,2009/2/18,5,7,15,1,6
9017,5,11,23,26,33,4,12,2009/2/16,6,12,3,7,8
9016,10,11,20,26,27,9,11,2009/2/14,1,9,6,1,2
9015,1,5,10,16,27,3,4,2009/2/11,4,5,6,11,1
9014,8,14,15,25,26,7,9,2009/2/9,6,1,10,1,2
9013,5,24,26,30,35,5,12,2009/2/7,19,2,4,5,7
9012,2,5,20,25,31,10,12,2009/2/4,3,15,5,6,2
9011,2,11,13,14,21,2,4,2009/2/2,9,2,1,7,2
9010,2,9,12,21,29,7,11,2009/1/24,7,3,9,8,4
9009,12,18,23,26,32,6,9,2009/1/21,6,5,3,6,3
9008,4,17,21,29,31,2,12,2009/1/19,13,4,8,2,10
9007,6,14,15,29,35,6,11,2009/1/17,8,1,14,6,5
9006,2,4,22,31,35,9,12,2009/1/14,2,18,9,4,3
9005,10,11,15,31,32,5,8,2009/1/12,1,4,16,1,3
9004,1,3,22,32,35,6,10,2009/1/10,2,19,10,3,4
9003,16,18,23,30,32,2,11,2009/1/7,2,5,7,2,9
9002,1,4,7,12,30,5,10,2009/1/5,3,3,5,18,5
9001,1,15,23,27,30,4,10,2009/1/3,14,8,4,3,6
8154,5,7,10,29,32,4,6,2008/12/31,2,3,19,3,2
8153,2,4,6,25,26,2,5,2008/12/29,2,2,19,1,3
8152,3,5,14,20,33,7,11,2008/12/27,2,9,6,13,4
8151,7,10,27,31,34,8,9,2008/12/24,3,17,4,3,1
8150,1,9,10,15,25,3,8,2008/12/22,8,1,5,10,5
8149,2,5,6,27,29,3,4,2008/12/20,3,1,21,2,1
8148,3,7,20,33,35,4,7,2008/12/17,4,13,13,2,3
8147,16,18,19,24,35,11,12,2008/12/15,2,1,5,11,1
8146,9,23,24,26,33,7,12,2008/12/13,14,1,2,7,5
8145,5,16,27,29,30,5,11,2008/12/10,11,11,2,1,6
8144,10,19,27,28,33,5,12,2008/12/8,9,8,1,5,7
8143,1,2,22,29,32,1,4,2008/12/6,1,20,7,3,3
8142,6,18,21,30,35,8,9,2008/12/3,12,3,9,5,1
8141,9,15,18,30,34,4,5,2008/12/1,6,3,12,4,1
8140,2,9,11,29,32,8,9,2008/11/29,7,2,18,3,1
8139,1,6,10,14,22,6,8,2008/11/26,5,4,4,8,2
8138,4,5,18,22,35,7,8,2008/11/24,1,13,4,13,1
8137,1,10,25,32,35,5,9,2008/11/22,9,15,7,3,4
8136,3,28,29,32,34,1,6,2008/11/19,25,1,3,2,5
8135,7,22,25,29,33,1,12,2008/11/17,15,3,4,4,11
8134,11,13,15,28,35,8,10,2008/11/15,2,2,13,7,2
8133,10,12,15,33,35,3,9,2008/11/12,2,3,18,2,6
8132,6,14,24,27,29,5,9,2008/11/10,8,10,3,2,4
8131,8,9,12,21,32,7,11,2008/11/8,1,3,9,11,4
8130,3,5,22,29,34,7,12,2008/11/5,2,17,7,5,5
8129,13,16,20,25,27,4,5,2008/11/3,3,4,5,2,1
8128,12,15,23,24,25,10,11,2008/11/1,3,8,1,1,1
8127,8,21,22,31,33,1,7,2008/10/29,13,1,9,2,6
8126,9,29,32,34,35,1,8,2008/10/27,20,3,2,1,7
8125,1,4,28,33,34,6,11,2008/10/25,3,24,5,1,5
8124,2,10,13,29,33,6,10,2008/10/22,8,3,16,4,4
8123,1,6,12,28,31,8,9,2008/10/20,5,6,16,3,1
8122,3,6,12,20,29,9,12,2008/10/18,3,6,8,9,3
8121,11,23,24,32,35,4,10,2008/10/15,12,1,8,3,6
8120,21,23,24,25,32,3,4,2008/10/13,2,1,1,7,1
8119,1,2,10,19,27,1,11,2008/10/11,1,8,9,8,10
8118,6,9,19,25,30,6,12,2008/10/8,3,10,6,5,6
8117,13,23,24,25,30,2,8,2008/10/6,10,1,1,5,6
8116,6,8,15,24,31,1,3,2008/10/4,2,7,9,7,2
8115,7,9,19,21,33,7,10,2008/10/1,2,10,2,12,3
8114,2,3,22,27,31,6,7,2008/9/29,1,19,5,4,1
8113,11,14,17,19,22,1,8,2008/9/27,3,3,2,3,7
8112,4,18,26,32,33,5,8,2008/9/24,14,8,6,1,3
8111,2,11,12,14,19,5,9,2008/9/22,9,1,2,5,4
8110,5,16,25,27,33,4,9,2008/9/20,11,9,2,6,5
8109,1,10,18,28,34,5,8,2008/9/17,9,8,10,6,3
8108,11,16,24,29,32,9,11,2008/9/15,5,8,5,3,2
8107,1,2,13,15,16,4,9,2008/9/13,1,11,2,1,5
8106,3,5,21,28,33,2,6,2008/9/10,2,16,7,5,4
8105,12,21,22,26,35,4,5,2008/9/8,9,1,4,9,1
8104,7,8,10,24,34,8,11,2008/9/6,1,2,14,10,3
8103,2,11,22,30,34,4,9,2008/9/3,9,11,8,4,5
8102,5,25,26,29,35,3,10,2008/9/1,20,1,3,6,7
8101,10,13,23,31,33,4,11,2008/8/30,3,10,8,2,7
8100,12,20,26,29,30,2,6,2008/8/27,8,6,3,1,4
8099,3,18,23,25,30,6,10,2008/8/25,15,5,2,5,4
8098,7,10,22,27,33,4,8,2008/8/23,3,12,5,6,4
8097,1,10,31,33,35,3,10,2008/8/20,9,21,2,2,7
8096,6,7,12,25,28,2,12,2008/8/18,1,5,13,3,10
8095,3,4,11,21,25,1,7,2008/8/16,1,7,10,4,6
8094,7,12,19,27,34,11,12,2008/8/13,5,7,8,7,1
8093,6,7,10,24,30,5,8,2008/8/11,1,3,14,6,3
8092,3,23,26,32,34,4,9,2008/8/9,20,3,6,2,5
8091,9,13,19,22,25,4,10,2008/8/6,4,6,3,3,6
8090,4,11,18,33,34,2,6,2008/8/4,7,7,15,1,4
8089,8,13,24,32,33,3,9,2008/8/2,5,11,8,1,6
8088,7,11,19,27,31,2,3,2008/7/30,4,8,8,4,1
8087,14,22,32,33,35,1,5,2008/7/28,8,10,1,2,4
8086,1,6,10,22,35,3,7,2008/7/26,5,4,12,13,4
8085,3,7,13,15,19,2,10,2008/7/23,4,6,2,4,8
8084,2,17,20,22,25,5,11,2008/7/21,15,3,2,3,6
8083,6,14,15,30,31,3,10,2008/7/19,8,1,15,1,7
8082,15,19,29,33,35,1,2,2008/7/16,4,10,4,2,1
8081,7,8,20,22,29,4,7,2008/7/14,1,12,2,7,3
8080,6,9,29,31,33,5,11,2008/7/12,3,20,2,2,6
8079,20,23,26,32,33,5,12,2008/7/9,3,3,6,1,7
8078,8,17,20,28,31,7,11,2008/7/7,9,3,8,3,4
8077,1,8,21,33,34,5,7,2008/7/5,7,13,12,1,2
8076,3,5,10,27,34,1,12,2008/7/2,2,5,17,7,11
8075,1,10,13,30,33,6,7,2008/6/30,9,3,17,3,1
8074,10,13,22,31,35,4,12,2008/6/28,3,9,9,4,8
8073,2,5,6,7,31,8,10,2008/6/25,3,1,1,24,2
8072,10,25,32,33,34,3,9,2008/6/23,15,7,1,1,6
8071,1,5,11,14,25,1,9,2008/6/21,4,6,3,11,8
8070,9,17,18,21,31,1,5,2008/6/18,8,1,3,10,4
8069,5,13,16,29,33,6,8,2008/6/16,8,3,13,4,2
8068,6,9,11,33,34,6,10,2008/6/14,3,2,22,1,4
8067,3,10,14,15,22,4,7,2008/6/11,7,4,1,7,3
8066,2,7,21,22,25,4,12,2008/6/9,5,14,1,3,8
8065,19,22,23,25,32,6,12,2008/6/7,3,1,2,7,6
8064,14,18,24,27,31,6,7,2008/6/4,4,6,3,4,1
8063,7,11,24,30,35,6,8,2008/6/2,4,13,6,5,2
8062,1,15,27,28,29,3,10,2008/5/31,14,12,1,1,7
8061,7,10,14,19,32,3,6,2008/5/28,3,4,5,13,3
8060,3,13,17,23,30,1,11,2008/5/26,10,4,6,7,10
8059,7,13,21,25,31,8,10,2008/5/24,6,8,4,6,2
8058,3,9,11,29,33,3,12,2008/5/21,6,2,18,4,9
8057,5,8,9,17,33,5,6,2008/5/19,3,1,8,16,1
8056,15,19,25,30,31,3,9,2008/5/17,4,6,5,1,6
8055,2,14,28,30,35,4,12,2008/5/14,12,14,2,5,8
8054,5,14,23,31,35,2,6,2008/5/12,9,9,8,4,4
8053,1,13,21,23,32,3,6,2008/5/10,12,8,2,9,3
8052,3,18,19,30,35,5,9,2008/5/7,15,1,11,5,4
8051,1,7,9,11,33,3,11,2008/5/5,6,2,2,22,8
8050,1,5,11,26,27,3,7,2008/5/3,4,6,15,1,4
8049,1,11,14,28,30,3,10,2008/4/30,10,3,14,2,7
8048,1,13,22,25,27,2,10,2008/4/28,12,9,3,2,8
8047,12,18,22,23,30,6,12,2008/4/26,6,4,1,7,6
8046,11,25,26,27,35,7,8,2008/4/23,14,1,1,8,1
8045,14,32,33,34,35,2,4,2008/4/21,18,1,1,1,2
8044,2,21,23,27,32,10,11,2008/4/19,19,2,4,5,1
8043,5,8,10,31,33,2,4,2008/4/16,3,2,21,2,2
8042,5,10,13,32,35,4,5,2008/4/14,5,3,19,3,1
8041,7,17,21,22,28,5,10,2008/4/12,10,4,1,6,5
8040,4,8,19,22,29,8,11,2008/4/9,4,11,3,7,3
8039,7,11,15,27,35,4,7,2008/4/7,4,4,12,8,3
8038,12,13,19,32,33,2,10,2008/4/5,1,6,13,1,8
8037,11,20,24,31,35,4,10,2008/4/2,9,4,7,4,6
8036,9,19,22,30,32,1,10,2008/3/31,10,3,8,2,9
8035,2,12,13,29,30,5,7,2008/3/29,10,1,16,1,2
8034,6,7,18,34,35,5,10,2008/3/26,1,11,16,1,5
8033,3,10,21,23,30,1,9,2008/3/24,7,11,2,7,8
8032,3,9,19,27,33,9,10,2008/3/22,6,10,8,6,1
8031,14,20,23,27,28,2,4,2008/3/19,6,3,4,1,2
8030,3,21,23,26,35,5,8,2008/3/17,18,2,3,9,3
8029,6,11,18,29,30,4,11,2008/3/15,5,7,11,1,7
8028,3,11,17,19,26,7,12,2008/3/12,8,6,2,7,5
8027,5,17,23,31,32,4,8,2008/3/10,12,6,8,1,4
8026,1,21,22,24,25,8,10,2008/3/8,20,1,2,1,2
8025,6,10,12,15,28,4,12,2008/3/5,4,2,3,13,8
8024,8,12,17,20,30,1,2,2008/3/3,4,5,3,10,1
8023,6,26,31,32,34,7,10,2008/3/1,20,5,1,2,3
8022,9,12,13,25,31,8,10,2008/2/27,3,1,12,6,2
8021,5,10,13,21,24,4,9,2008/2/25,5,3,8,3,5
8020,4,5,15,17,33,4,8,2008/2/23,1,10,2,16,4
8019,8,24,25,29,31,4,5,2008/2/20,16,1,4,2,1
8018,3,6,7,11,30,2,3,2008/2/18,3,1,4,19,1
8017,2,14,25,29,32,1,6,2008/2/16,12,11,4,3,5
8016,8,10,11,17,19,6,9,2008/2/13,2,1,6,2,3
8015,9,18,20,27,33,6,9,2008/2/4,9,2,7,6,3
8014,4,7,10,28,34,1,6,2008/2/2,3,3,18,6,5
8013,1,11,19,22,35,5,9,2008/1/30,10,8,3,13,4
8012,2,10,29,32,35,2,3,2008/1/28,8,19,3,3,1
8011,14,20,22,24,27,7,10,2008/1/26,6,2,2,3,3
8010,6,23,24,27,29,6,8,2008/1/23,17,1,3,2,2
8009,4,8,12,24,30,5,8,2008/1/21,4,4,12,6,3
8008,2,6,8,17,32,8,9,2008/1/19,4,2,9,15,1
8007,3,4,5,12,28,3,12,2008/1/16,1,1,7,16,9
8006,10,12,26,29,34,5,7,2008/1/14,2,14,3,5,2
8005,18,25,29,31,34,9,10,2008/1/12,7,4,2,3,1
8004,9,22,24,31,33,8,9,2008/1/9,13,2,7,2,1
8003,1,11,13,32,35,2,7,2008/1/7,10,2,19,3,5
8002,1,12,24,31,32,10,12,2008/1/5,11,12,7,1,2
8001,1,2,11,34,35,3,10,2008/1/2,1,9,23,1,7
7093,6,8,16,25,27,8,12,2007/12/31,2,8,9,2,4
7092,6,19,27,28,29,6,10,2007/12/29,13,8,1,1,4
7091,7,12,26,31,32,3,8,2007/12/26,5,14,5,1,5
7090,4,20,24,31,33,9,12,2007/12/24,16,4,7,2,3
7089,8,13,24,30,34,1,12,2007/12/22,5,11,6,4,11
7088,17,18,21,23,33,6,10,2007/12/19,1,3,2,10,4
7087,8,18,30,31,33,4,9,2007/12/17,10,12,1,2,5
7086,14,18,19,26,28,3,9,2007/12/15,4,1,7,2,6
7085,17,24,28,29,33,2,5,2007/12/12,7,4,1,4,3
7084,5,11,18,29,34,10,11,2007/12/10,6,7,11,5,1
7083,1,5,20,21,24,3,4,2007/12/8,4,15,1,3,1
7082,3,5,14,33,34,7,8,2007/12/5,2,9,19,1,1
7081,6,18,20,22,35,4,9,2007/12/3,12,2,2,13,5
7080,1,15,20,25,27,5,10,2007/12/1,14,5,5,2,5
7079,6,9,25,26,31,2,8,2007/11/28,3,16,1,5,6
7078,9,12,14,22,23,1,2,2007/11/26,3,2,8,1,1
7077,4,6,12,13,24,1,4,2007/11/24,2,6,1,11,3
7076,2,9,12,15,31,9,10,2007/11/21,7,3,3,16,1
7075,5,11,20,30,32,7,11,2007/11/19,6,9,10,2,4
7074,16,17,23,24,31,5,10,2007/11/17,1,6,1,7,5
7073,4,5,9,12,23,2,11,2007/11/14,1,4,3,11,9
7072,21,24,26,27,33,1,5,2007/11/12,3,2,1,6,4
7071,10,22,32,33,35,1,7,2007/11/10,12,10,1,2,6
7070,7,26,29,30,35,3,4,2007/11/7,19,3,1,5,1
7069,2,13,16,21,35,1,5,2007/11/5,11,3,5,14,4
7068,4,9,13,14,33,6,10,2007/11/3,5,4,1,19,4
7067,11,18,25,30,31,4,9,2007/10/31,7,7,5,1,5
7066,4,7,8,19,24,7,12,2007/10/29,3,1,11,5,5
7065,19,20,24,29,31,9,10,2007/10/27,1,4,5,2,1
7064,2,16,32,33,35,5,10,2007/10/24,14,16,1,2,5
7063,10,31,33,34,35,7,12,2007/10/22,21,2,1,1,5
7062,1,4,10,14,29,11,12,2007/10/20,3,6,4,15,1
7061,2,10,19,28,29,2,9,2007/10/17,8,9,9,1,7
7060,12,13,29,30,31,4,7,2007/10/15,1,16,1,1,3
7059,4,15,23,31,33,3,9,2007/10/13,11,8,8,2,6
7058,8,21,25,28,33,2,6,2007/10/10,13,4,3,5,4
7057,14,16,30,32,35,6,7,2007/10/8,2,14,2,3,1
7056,4,11,17,20,21,5,9,2007/10/6,7,6,3,1,4
7055,10,16,24,31,33,7,10,2007/10/3,6,8,7,2,3
7054,4,10,19,29,34,3,6,2007/10/1,6,9,10,5,3
7053,11,16,19,21,25,1,10,2007/9/29,5,3,2,4,9
7052,1,14,29,32,33,5,10,2007/9/26,13,15,3,1,5
7051,3,7,24,28,35,8,11,2007/9/24,4,17,4,7,3
7050,13,21,22,30,35,1,11,2007/9/22,8,1,8,5,10
7049,9,10,15,17,32,4,6,2007/9/19,1,5,2,15,2
7048,8,25,26,29,35,6,8,2007/9/17,17,1,3,6,2
7047,1,6,15,19,35,2,9,2007/9/17,5,9,4,16,7
7046,4,16,18,23,30,1,10,2007/9/12,12,2,5,7,9
7045,9,16,20,26,35,11,12,2007/9/10,7,4,6,9,1
7044,4,5,7,12,26,1,10,2007/9/8,1,2,5,14,9
7043,4,9,22,24,31,2,6,2007/9/5,5,13,2,7,4
7042,7,10,22,31,35,5,6,2007/9/3,3,12,9,4,1
7041,3,16,17,22,35,1,8,2007/9/1,13,1,5,13,7
7040,5,21,25,28,35,1,4,2007/8/29,16,4,3,7,3
7039,10,11,20,21,35,7,11,2007/8/27,1,9,1,14,4
7038,6,21,25,27,32,8,9,2007/8/25,15,4,2,5,1
7037,1,6,7,17,31,11,12,2007/8/22,5,1,10,14,1
7036,15,18,21,27,34,1,2,2007/8/20,3,3,6,7,1
7035,7,11,16,31,32,1,12,2007/8/18,4,5,15,1,11
7034,6,8,11,13,22,2,11,2007/8/15,2,3,2,9,9
7033,1,5,8,14,22,3,12,2007/8/13,4,3,6,8,9
7032,1,13,21,23,32,4,11,2007/8/11,12,8,2,9,7
7031,3,21,27,31,32,6,8,2007/8/8,18,6,4,1,2
7030,11,14,27,33,35,2,7,2007/8/6,3,13,6,2,5
7029,15,22,25,29,35,9,11,2007/8/4,7,3,4,6,2
7028,20,26,30,34,35,3,10,2007/8/1,6,4,4,1,7
7027,2,3,10,19,27,6,10,2007/7/30,1,7,9,8,4
7026,5,9,13,33,35,1,8,2007/7/28,4,4,20,2,7
7025,22,24,26,27,34,2,10,2007/7/25,2,2,1,7,8
7024,6,16,20,25,31,4,9,2007/7/23,10,4,5,6,5
7023,8,10,23,32,34,8,10,2007/7/21,2,13,9,2,2
7022,8,10,12,23,25,3,10,2007/7/18,2,2,11,2,7
7021,2,4,24,29,33,1,2,2007/7/16,2,20,5,4,1
7020,2,6,11,12,18,5,12,2007/7/14,4,5,1,6,7
7019,3,6,17,22,23,4,6,2007/7/11,3,11,5,1,2
7018,3,4,16,23,28,6,9,2007/7/9,1,12,7,5,3
7017,13,14,29,32,34,3,12,2007/7/7,1,15,3,2,9
7016,1,14,19,24,31,3,12,2007/7/4,13,5,5,7,9
7015,2,8,12,13,17,11,12,2007/7/2,6,4,1,4,1
7014,1,2,7,29,32,6,7,2007/6/30,1,5,22,3,1
7013,12,17,27,29,34,6,9,2007/6/27,5,10,2,5,3
7012,3,12,15,29,34,7,11,2007/6/25,9,3,14,5,4
7011,29,32,33,34,35,9,10,2007/6/23,3,1,1,1,1
7010,6,8,18,29,34,9,11,2007/6/20,2,10,11,5,2
7009,1,3,9,19,34,9,12,2007/6/18,2,6,10,15,3
7008,2,8,11,21,23,4,7,2007/6/16,6,3,10,2,3
7007,14,16,25,26,35,4,9,2007/6/13,2,9,1,9,5
7006,1,16,20,23,28,3,6,2007/6/11,15,4,3,5,3
7005,1,9,19,20,30,2,11,2007/6/9,8,10,1,10,9
7004,6,10,16,17,25,2,4,2007/6/6,4,6,1,8,2
7003,3,4,18,23,32,1,6,2007/6/4,1,14,5,9,5
7002,15,22,31,34,35,5,12,2007/6/2,7,9,3,1,7
7001,22,24,29,31,35,4,11,2007/5/30,2,5,2,4,7
